,Sharpe,Markowitz s.a ret 0.001,Markowitz s.a ret 0.01,Markowitz s.a. riesgo 0.20 ,Markowitz s.a. riesgo 0.25 ,Markowitz s.a. riesgo 0.30 
count,189.0,189.0,189.0,189.0,189.0,189.0
mean,0.5214991079661875,0.6340863643220557,0.634069986539108,0.390153767835606,0.4107935635202613,0.4499455559721254
std,0.052772366234701704,0.042053920140022946,0.04217557797762424,0.10826492474721919,0.11260773927846006,0.09367916468494486
min,0.29510133130693234,0.455681005254474,0.4544797315380133,0.16091053628673782,0.16488134271350038,0.20245282423827304
25%,0.48934096916584296,0.6132039939823162,0.613613988449909,0.30721088753149656,0.31900527056900185,0.3678997357788985
50%,0.5269029608778335,0.6379916554104068,0.6374859730498084,0.415343687794832,0.4244134795635117,0.4609515670594493
75%,0.5616617023687744,0.6629235135299096,0.6629235135299096,0.48391443279782087,0.5088923595351882,0.532723138549726
max,0.6160500054799963,0.730947388265345,0.730947388265345,0.5719454335109725,0.6264629912810002,0.6124555383652427
kurt,1.1367735522515843,2.999963780975032,2.9565605128268166,-1.045813307422145,-1.0728786032759197,-0.9969016304387877
skew,-0.7914017195507314,-1.1982480933389217,-1.1885806870299966,-0.3397727757778697,-0.2662860941725645,-0.2178747176688011
