,Sharpe,Markowitz s.a ret 0.001,Markowitz s.a ret 0.01,Markowitz s.a. riesgo 0.20 ,Markowitz s.a. riesgo 0.25 ,Markowitz s.a. riesgo 0.30 
count,189.0,189.0,189.0,189.0,189.0,189.0
mean,0.5259450001420004,0.6290939605293319,0.6288941901666725,0.3829251716200324,0.392654440902683,0.468506025380806
std,0.05385485673111544,0.04330588003205443,0.04375760207097238,0.11702195421155098,0.11309587256398974,0.09263171918035551
min,0.35080368746218366,0.4513033200504011,0.44973418503640045,0.16859076927563474,0.15600063846302373,0.1309086952424619
25%,0.4996226280682359,0.607927733406559,0.607927733406559,0.2826601038841445,0.3091162701802597,0.39978118584903416
50%,0.5363213449825068,0.6334584418018507,0.6334584418018507,0.38609834204636245,0.3812981615168554,0.476842384786575
75%,0.5603042429347949,0.656715905673673,0.656715905673673,0.483412903732963,0.49736214300825127,0.5466614117909465
max,0.6440276219216123,0.7421612641065796,0.7421612641065796,0.5819496807495139,0.6116798656078808,0.6261034327671585
kurt,1.1399389399768327,2.190659288849869,2.435370714427911,-1.2564932929036976,-1.0584446416550324,-0.1594114744362778
skew,-0.924580565354629,-0.9017826355136396,-0.9637037014252242,-0.13616597347816906,-0.00984452738077574,-0.5220464237257748
