,Sharpe,Markowitz s.a ret 0.001,Markowitz s.a ret 0.01,Markowitz s.a. riesgo 0.20 ,Markowitz s.a. riesgo 0.25 ,Markowitz s.a. riesgo 0.30 
count,189.0,189.0,189.0,189.0,189.0,189.0
mean,0.5205572360852254,0.6262507381513509,0.6264224615489309,0.3730941920569486,0.4173396497375852,0.4656675153842835
std,0.05340610391551328,0.045820942015264855,0.04582952511289714,0.11808222662477322,0.10052903759151967,0.09194419466036888
min,0.3121927420395929,0.4441381298431298,0.43445481124732954,0.16239697519440618,0.1801468920387963,0.207009307462473
25%,0.49514357045180646,0.6026650648654311,0.602991688594371,0.2673734170603946,0.33774269286612785,0.3917744361468622
50%,0.5254540822610764,0.6293486337543597,0.6293486337543597,0.37644837856914787,0.42790820385000733,0.4782218156817305
75%,0.5575239456108929,0.6585420891039494,0.6584887428644461,0.4778557209613718,0.49674035656100074,0.545062056748951
max,0.6367606938848956,0.7687946120536164,0.7687946120536164,0.6057177483377678,0.6019605201257918,0.6328106878443295
kurt,0.9406276679260155,2.4098537191047185,2.3990692076253946,-1.3023725934656163,-0.8303333332430753,-0.4851881698113498
skew,-0.7789058196958959,-0.8948050963171656,-0.9038638802883522,0.0033971224944947176,-0.30812401197528305,-0.49235596640507906
