,Sharpe,Markowitz s.a ret 0.001,Markowitz s.a ret 0.01,Markowitz s.a. riesgo 0.20 ,Markowitz s.a. riesgo 0.25 ,Markowitz s.a. riesgo 0.30 
count,190.0,190.0,190.0,190.0,190.0,190.0
mean,0.5191498993546738,0.623389691783845,0.6238354891802309,0.3817135611562283,0.40257386748376284,0.4529055266835585
std,0.05718757632810223,0.05033655165264161,0.0491629127871689,0.11158577512214753,0.10787211925300048,0.09081324357928083
min,0.35957076475920763,0.36273919660201537,0.3389645759538527,0.16226520730639127,0.1498242690762042,0.1989783152538071
25%,0.4839059456049564,0.6015018510979536,0.6009055637686859,0.27933641352678457,0.3235962556508457,0.3821851624633317
50%,0.527405896235452,0.6319357715608662,0.6325278361538547,0.38581273176023756,0.40824199289356156,0.4479489802292982
75%,0.5613148631104414,0.6538863529914594,0.6538863529914594,0.48125636188985,0.4995367663755652,0.5266785047547582
max,0.6518507114602472,0.7231504546468303,0.7231504546468303,0.6275894381316273,0.5981072473642741,0.6385046792708801
kurt,0.20214630446411652,4.728554197968439,5.95796940722542,-1.1743861815259604,-0.9662170299938082,-0.8117923807467338
skew,-0.6638361494099122,-1.5744097430055803,-1.6077486109937356,-0.031044212128024246,-0.1965785787959179,-0.16301735995826172
