,Sharpe,Markowitz s.a ret 0.001,Markowitz s.a ret 0.01,Markowitz s.a. riesgo 0.20 ,Markowitz s.a. riesgo 0.25 ,Markowitz s.a. riesgo 0.30 
count,190.0,190.0,190.0,190.0,190.0,190.0
mean,0.518672798070648,0.6283555345948236,0.6248455476984563,0.3824660208000652,0.406918145234358,0.4587336404858788
std,0.05635684459213952,0.04369074925239527,0.05460911037602913,0.11367207463726195,0.10132002757097847,0.09433138342619836
min,0.35905109821552633,0.47235146696959374,0.2798099394438934,0.1579725883327356,0.1987069492064184,0.23184058014192682
25%,0.4833938042674961,0.613397419230691,0.6116125351172751,0.27939349464502666,0.32936978684708024,0.3896780989725657
50%,0.5290239728854784,0.6315791214279435,0.631147422375161,0.3902879398221536,0.40687463735363716,0.46760089547255335
75%,0.5567498577925991,0.6521867943178737,0.6521867943178737,0.48205793903792454,0.4922165013516058,0.5380907874737917
max,0.679229374736765,0.7194145387139146,0.7194145387139146,0.6077926755238793,0.6060804391085554,0.6282382110041241
kurt,0.4640203066720274,2.1631737682464567,10.266282818838192,-1.189956302131776,-1.0340833201329325,-0.8973284144170837
skew,-0.4523761935401561,-1.0516028875736314,-2.3947149729209447,-0.07428639687494092,-0.11775150913852048,-0.3155211853351383
