,Sharpe,Markowitz s.a ret 0.001,Markowitz s.a ret 0.01,Markowitz s.a. riesgo 0.20 ,Markowitz s.a. riesgo 0.25 ,Markowitz s.a. riesgo 0.30 
count,190.0,190.0,190.0,190.0,190.0,190.0
mean,0.5199334195666565,0.6267737534621804,0.6271363992329798,0.3740511384302075,0.40543038710749796,0.4558471131430508
std,0.05782433625360317,0.04657137152575405,0.04372505826167397,0.10967748727335287,0.10796842156615032,0.09068003960076228
min,0.31930507189293916,0.36684971699423813,0.4689583868220437,0.1495690427046167,0.15753541957794423,0.23522562253565507
25%,0.49387144541686034,0.6037251329661305,0.6037251329661305,0.28468732842878763,0.3141301153027841,0.3796690548881451
50%,0.5288877574718811,0.6331813491088465,0.6331813491088465,0.3637369210557589,0.40452106505415136,0.46408724309966143
75%,0.5595259640353786,0.6548090750196615,0.6548604593330043,0.4716122008679607,0.5017530922031593,0.534820217668605
max,0.6543436668707946,0.7113464464836743,0.7113464464836743,0.5962002745975655,0.6202058222845014,0.6108059813854442
kurt,1.169450316367803,6.346865032743791,1.7489998048497966,-1.1255472449515298,-1.1372877833595199,-0.9503780225507894
skew,-0.8915902611964491,-1.7405347928645385,-1.0401114657880701,-0.06522876506734146,-0.08682968614824388,-0.1940672814641124
