,Sharpe,Markowitz s.a ret 0.001,Markowitz s.a ret 0.01,Markowitz s.a. riesgo 0.20 ,Markowitz s.a. riesgo 0.25 ,Markowitz s.a. riesgo 0.30 
count,187.0,187.0,187.0,187.0,187.0,187.0
mean,0.5235020850932041,0.6301608195024152,0.6306412425828466,0.3731372693094804,0.4067402131207554,0.4700315499465315
std,0.05366750106939215,0.043855088017857244,0.04248367222901576,0.11671790167950882,0.10671936087477332,0.0896616209212322
min,0.34247438120391205,0.4575975516708491,0.45602678304287175,0.15886687261907437,0.17762941102561908,0.28111589267146203
25%,0.49777549250389463,0.6064974752417439,0.6064974752417439,0.26112961301403215,0.3193269337067017,0.40337064109845455
50%,0.5334892799687306,0.6343433252290589,0.634223158429715,0.37739957640166577,0.4054142674779874,0.4845221102532992
75%,0.5584855679190694,0.6585596815213983,0.6585596815213983,0.4762326757564256,0.496422494267873,0.5459684090255925
max,0.6341681957118295,0.7088002296670143,0.7088002296670143,0.5611401154709218,0.6018449449153934,0.6287357579049145
kurt,0.9101569416728763,2.6435411664265183,2.050383039058588,-1.2659432196551987,-1.1355120548075432,-0.9713136433313783
skew,-0.8019841522211644,-1.1039851121719846,-0.9428382678294124,-0.1022604222594164,-0.07893437653026726,-0.34170566852810175
