,Sharpe,Markowitz s.a ret 0.001,Markowitz s.a ret 0.01,Markowitz s.a. riesgo 0.20 ,Markowitz s.a. riesgo 0.25 ,Markowitz s.a. riesgo 0.30 
count,187.0,187.0,187.0,187.0,187.0,187.0
mean,0.5156352193332528,0.6308152709821775,0.6307772710580757,0.3834199695285498,0.4153574983048339,0.45201101959826684
std,0.05853733227694492,0.045307119352163305,0.04484350166710723,0.11651106513733431,0.10230286202663198,0.0932093106829081
min,0.33242620737900497,0.43880261985041075,0.46987963100285274,0.15962073686290973,0.18522551471281457,0.2572780068191683
25%,0.4844608068156152,0.6076954991791419,0.6068338703436408,0.2763360271037344,0.33216743153573747,0.37142299070731755
50%,0.5228723170494028,0.6361860356374117,0.6361860356374117,0.3999160640729955,0.42353661205901905,0.46692074735394157
75%,0.5561433226377615,0.6591795528772244,0.6591795528772244,0.4834620728392702,0.49433449428434895,0.5395113495591072
max,0.6413770681127959,0.7198265350644355,0.7198265350644355,0.5746299597658462,0.6141707785084721,0.6282286030712178
kurt,0.5776119945848617,2.1493826914333307,1.351118625910949,-1.2733843303077568,-0.8937314718306753,-1.1383245496868555
skew,-0.7785046167211227,-1.0407238540373767,-0.9005618656812986,-0.20172141150015685,-0.24440178772836615,-0.17281104312141354
