,Sharpe,Markowitz s.a ret 0.001,Markowitz s.a ret 0.01,Markowitz s.a. riesgo 0.20 ,Markowitz s.a. riesgo 0.25 ,Markowitz s.a. riesgo 0.30 
count,187.0,187.0,187.0,187.0,187.0,187.0
mean,0.5230571107426248,0.6347139150662244,0.6355214162078847,0.384643527751839,0.40913783887271954,0.4519890696351177
std,0.05536855448739452,0.046094042418764795,0.04360950813849872,0.11633573948012119,0.11063846083648604,0.0988710923436181
min,0.34753820577463906,0.3774835230047726,0.3642494915170728,0.15030982130154089,0.16755088903790383,0.14933713924710065
25%,0.4915966639791628,0.6098891838429934,0.6098891838429934,0.28186735165979415,0.3154288854952053,0.37214671954905476
50%,0.5343419178103967,0.6383857188742275,0.6383857188742275,0.402023146223875,0.4162196320747529,0.4612123672941427
75%,0.558342963743982,0.6614554808971073,0.6614690596984865,0.4852319996236875,0.5072248496723997,0.5356669791056157
max,0.6600180291936277,0.7348534824744287,0.7348534824744287,0.5868935433789728,0.5978711660090493,0.6262103709349353
kurt,0.4356483936186297,7.318536602944311,7.408352361957025,-1.2613769574201417,-1.0982006668009634,-0.7555489391435639
skew,-0.6495018178192631,-1.6906047907443664,-1.47496427465764,-0.1951602804132976,-0.11636781345132208,-0.26431067951989956
