,Sharpe,Markowitz s.a ret 0.001,Markowitz s.a ret 0.01,Markowitz s.a. riesgo 0.20 ,Markowitz s.a. riesgo 0.25 ,Markowitz s.a. riesgo 0.30 
count,135.0,135.0,135.0,135.0,135.0,135.0
mean,0.5735567848878089,0.7097428698828482,0.7080060389181627,0.3898939530639844,0.3842356843210155,0.4049143048152572
std,0.06696582871593086,0.07890405509889138,0.08117720494321727,0.12165528855641292,0.12085603904150383,0.11601347498092367
min,0.39052042054228236,0.516950263576296,0.5082876495569221,0.11161520638275957,0.11747550228101176,0.13815958342956464
25%,0.5403029179287684,0.6610561893557392,0.6597388404275661,0.2939491913632918,0.2921307492608567,0.3188348655731198
50%,0.5801951117170587,0.6968591583567284,0.6968591583567284,0.39402182285100484,0.3853125758228764,0.3987251916975312
75%,0.6107805749815822,0.7448681356928659,0.7446774173689557,0.5003340057100623,0.4910312081442114,0.510419694226575
max,0.7858088802084813,0.9652462878743736,0.9652462878743736,0.5971384411523786,0.5901045190452916,0.5905932237273799
kurt,0.916134443152052,0.6209636112971824,0.5976680761811837,-0.9892746167344186,-0.857408371160338,-0.8641966810776802
skew,-0.17671790799227693,0.5896581428086786,0.46196270706847803,-0.24958440624389036,-0.2021752568767475,-0.28663167945167684
