,Sharpe,Markowitz s.a ret 0.001,Markowitz s.a ret 0.01,Markowitz s.a. riesgo 0.20 ,Markowitz s.a. riesgo 0.25 ,Markowitz s.a. riesgo 0.30 
count,135.0,135.0,135.0,135.0,135.0,135.0
mean,0.5726920636579076,0.7071978162094193,0.7045331806962136,0.3798194077058998,0.38285940012488406,0.41102934940181113
std,0.06997476083740818,0.08762507615180451,0.09232420205659825,0.12536198620931163,0.12372852766168824,0.12653163940739892
min,0.39776596769655453,0.3823173785215804,0.38247398390985077,0.10545027448169053,0.0881424081211467,0.06260646435952526
25%,0.5390919232682774,0.6617631338500698,0.6612570738691775,0.26936602178738994,0.28190654159981754,0.30612896465442463
50%,0.5764896754985946,0.6936787517584593,0.6933912729992415,0.3941933005908851,0.3950404816497727,0.4365891435482992
75%,0.6199969130372237,0.7454830277139668,0.7454830277139668,0.5017311179754571,0.4935120203809702,0.5223900012302412
max,0.7889746692737688,0.9384133741989474,0.9384133741989474,0.5817249765547314,0.607747022276634,0.5749284212365214
kurt,0.2868824152648175,1.604542033125623,1.609157536197118,-1.0978226701692828,-0.8817465939951306,-0.6162946140881584
skew,-0.32188028764020277,0.09667051310681057,-0.13276398945922235,-0.2642012821572501,-0.2380772399659675,-0.5630728971455385
