,Sharpe,Markowitz s.a ret 0.001,Markowitz s.a ret 0.01,Markowitz s.a. riesgo 0.20 ,Markowitz s.a. riesgo 0.25 ,Markowitz s.a. riesgo 0.30 
count,135.0,135.0,135.0,135.0,135.0,135.0
mean,0.5705391953289548,0.7113699249967815,0.7096980300647511,0.3812950564438335,0.4142307846603782,0.397702808377144
std,0.06671829950862261,0.0805443408721753,0.08139417595347809,0.1135023581035809,0.11628927820191438,0.11781821531221431
min,0.3840646065852259,0.46747655326757676,0.4798139510527139,0.09714123072377269,0.097008199770035,0.1082906815621431
25%,0.5312736231810884,0.6625404809679756,0.6598908275388533,0.2860270735170142,0.335205399659459,0.3201658011220131
50%,0.5713968898875845,0.7010536989916577,0.7003393230858997,0.37988336858932453,0.42684088424496647,0.39444214954413825
75%,0.6173890650777532,0.7500573942602669,0.7495617017721075,0.48778891655440276,0.5130486330413546,0.5080478115376851
max,0.7310877235850558,0.9541203899808947,0.9541203899808947,0.5842013355560417,0.5830336861003377,0.5828602165429824
kurt,0.29558814181433135,1.0914275724704736,0.8003101477950527,-1.0420131359088725,-0.5523675601374345,-0.5961401770631363
skew,-0.15859456832287797,0.41220104319750017,0.47619936082711123,-0.02759868817873898,-0.5420434677964021,-0.35524951707422714
