,Sharpe,Markowitz s.a ret 0.001,Markowitz s.a ret 0.01,Markowitz s.a. riesgo 0.20 ,Markowitz s.a. riesgo 0.25 ,Markowitz s.a. riesgo 0.30 
count,133.0,133.0,133.0,133.0,133.0,133.0
mean,0.5772219122481079,0.7120462859621786,0.7093684028412991,0.383961468542896,0.40803230697407555,0.41662814511099183
std,0.06842199166153658,0.08042715633076869,0.08323645019459787,0.12015883654631351,0.11904202219500395,0.12511080008405573
min,0.3788421280771088,0.47959261854580226,0.47621781588753226,0.08137145109775756,0.07974949015228688,0.03732267503175874
25%,0.5457030678551149,0.6695159782731255,0.6675969090285934,0.28605725424459416,0.3177932589621668,0.322690005024803
50%,0.5782048163860503,0.7020187297750026,0.6995055098598493,0.38990575924225307,0.43372479198463265,0.45222869802057275
75%,0.6147089242420076,0.7474300434132629,0.7471571858028884,0.4927613715809327,0.5069209842128174,0.5272865778929687
max,0.7930713617816223,0.9565809931813387,0.9565809931813387,0.5874708361832969,0.5887274630692688,0.6035526177507278
kurt,1.086397403636631,1.8099743962695745,1.7971129978677465,-1.0867212040639944,-0.5612087171273097,-0.28614181457014487
skew,0.11091179946366161,0.74829417565624,0.584945537765265,-0.2636869670790782,-0.5291785905253313,-0.6317508904181206
