,Sharpe,Markowitz s.a ret 0.001,Markowitz s.a ret 0.01,Markowitz s.a. riesgo 0.20 ,Markowitz s.a. riesgo 0.25 ,Markowitz s.a. riesgo 0.30 
count,133.0,133.0,133.0,133.0,133.0,133.0
mean,0.5772503946573441,0.7058796730081883,0.707318112220722,0.37095818757234145,0.39340661916968217,0.40537696614005303
std,0.06653573201979786,0.08455893597328758,0.07928998274186207,0.12324918029207958,0.1126650303213097,0.11944073066051308
min,0.4331768641638141,0.33263646840688194,0.5450975765473585,0.1259066286083669,0.07548634599034516,0.0903857084036468
25%,0.5207216103251672,0.6513364788700855,0.6506405699764701,0.2769945811169832,0.29975432103293925,0.31889524790229884
50%,0.5897408095942996,0.6959805415133322,0.6960330248751923,0.3844575062423823,0.3993633481848288,0.4087489734693454
75%,0.6203985698824291,0.7501365044119737,0.7501365044119737,0.4825925404653783,0.4899422750070038,0.5075959557691826
max,0.7453051026149441,0.9900417059025678,0.9900417059025678,0.594246401373071,0.5871297903685511,0.5930795661482798
kurt,-0.32225304059265714,3.1607808800723833,1.142138868768399,-1.1745643562133548,-0.8723302681440179,-0.47745819180870486
skew,0.017180039150366037,0.15847709215770447,0.8800378076471768,-0.10903234986146627,-0.16709569483563386,-0.4212195317952698
