,Sharpe,Markowitz s.a ret 0.001,Markowitz s.a ret 0.01,Markowitz s.a. riesgo 0.20 ,Markowitz s.a. riesgo 0.25 ,Markowitz s.a. riesgo 0.30 
count,133.0,133.0,133.0,133.0,133.0,133.0
mean,0.578069112127711,0.7136440770810177,0.7115559572325414,0.37410463237819536,0.41696794691121963,0.40123860732196764
std,0.06212718862195816,0.08051212733758537,0.08440508906758586,0.12646485219798542,0.11129283636671433,0.12381736604728175
min,0.3843654367628042,0.5103951118737929,0.46245173242158777,0.1451311485100145,0.07770234808056097,0.06910758083289757
25%,0.5434741401363123,0.6665359524661338,0.6651851201461831,0.2656877687731245,0.3435909571954556,0.3073519757855354
50%,0.5767529375352116,0.7029434375099592,0.7029434375099592,0.367187244543234,0.4416507813476248,0.3977747035843557
75%,0.6228700794493719,0.7507307009509693,0.7507307009509693,0.4848731896577102,0.5061920106775667,0.5125171204662452
max,0.7238064290319787,0.9811037823236654,0.9811037823236654,0.616266067307897,0.5979860798750539,0.6226388653138767
kurt,0.6018359433471012,1.3497379484683107,1.4311675785543039,-1.2483158003817643,-0.22844647488101488,-0.30654528649567103
skew,-0.4949603716542152,0.7670875491603791,0.46958295258285554,-0.043383838574398904,-0.6114261532770539,-0.4749532468862681
