,Sharpe,Markowitz s.a ret 0.001,Markowitz s.a ret 0.01,Markowitz s.a. riesgo 0.20 ,Markowitz s.a. riesgo 0.25 ,Markowitz s.a. riesgo 0.30 
count,145.0,145.0,145.0,145.0,145.0,145.0
mean,0.5753552224722212,0.7122049241780773,0.7094413362501576,0.3794598929377302,0.3911837973800121,0.3911061707133809
std,0.0700192817709138,0.07664972023227246,0.08159231516251794,0.12165072420769686,0.12593474538571067,0.1127652328841275
min,0.2804681025764857,0.4566071904440014,0.37449123607261026,0.13479499051319996,0.1034039727135124,0.058749793125577515
25%,0.5401312788740799,0.6608768471384135,0.6608660953210916,0.2783096867408968,0.2866519429667554,0.31807743781391884
50%,0.583321615439069,0.6990028431607147,0.6990028431607147,0.38640765435336816,0.40637931498825947,0.37174409831394695
75%,0.6150575922026678,0.7505930811302326,0.7505930811302326,0.48103956324204694,0.5062836385565119,0.4943385387223374
max,0.7302532440103654,0.9739597547051058,0.9739597547051058,0.5891074683198733,0.5827941644279204,0.5981748672494581
kurt,1.9656614765495828,1.4517650588983724,2.3600727960360244,-1.0289216373748382,-1.026933736547516,-0.4800570745950643
skew,-0.7348793655191194,0.3987861002369441,-0.08053213419491871,-0.1556052701481798,-0.3181330537153821,-0.086074589464696
