,Sharpe,Markowitz s.a ret 0.001,Markowitz s.a ret 0.01,Markowitz s.a. riesgo 0.20 ,Markowitz s.a. riesgo 0.25 ,Markowitz s.a. riesgo 0.30 
count,145.0,145.0,145.0,145.0,145.0,145.0
mean,0.5673888914939111,0.7105049805559318,0.7078042823129338,0.3855560405117237,0.39938995399442956,0.39499930394869004
std,0.06985147972123323,0.08736382328824452,0.09200216783901087,0.12229001079640164,0.12041802501842744,0.13090729537663698
min,0.35610310609217577,0.4734569718112892,0.386316983628735,0.13863669637029544,0.07133001982063972,0.026997252816586676
25%,0.5283129600684455,0.6545914962620268,0.6522013724217534,0.2844531429463725,0.3051088530659844,0.31173388071274966
50%,0.574249534923566,0.7007326176355521,0.6970840651060157,0.3829922548581017,0.4061979335716776,0.3932446257940138
75%,0.6163958458158039,0.7468351069503414,0.7468351069503414,0.49501554204829673,0.5108445456303641,0.5012917944097053
max,0.7408461667244238,0.975342200159033,0.975342200159033,0.6045898122844221,0.5930952011545233,0.5977401340853878
kurt,0.005608196401594601,1.1275353928112377,1.5666097973788728,-1.1117222089561463,-0.699937515475531,-0.2602437913700473
skew,-0.4192064812920451,0.6914157913274301,0.3445146468302066,-0.11408290441989596,-0.4249574346013442,-0.540024052500673
