,Sharpe,Markowitz s.a ret 0.001,Markowitz s.a ret 0.01,Markowitz s.a. riesgo 0.20 ,Markowitz s.a. riesgo 0.25 ,Markowitz s.a. riesgo 0.30 
count,145.0,145.0,145.0,145.0,145.0,145.0
mean,0.5673621294346369,0.7037524755269239,0.7022624006882099,0.3564643356471976,0.40079885925598674,0.42071762301420385
std,0.06738632946396678,0.07887323513521478,0.08090177954226632,0.12386741863826334,0.11105526557373567,0.11628267276780575
min,0.3876156080554598,0.5082142977916564,0.47560203030606424,0.09839587684908685,0.13317493602099115,0.05190907800066511
25%,0.5254818845185399,0.6478745102099775,0.6478745102099775,0.2545163645325476,0.30905548855846937,0.33554945061890634
50%,0.5721069215450304,0.6956226080288154,0.6956226080288154,0.3440076712417318,0.40677753617778756,0.44699436423274597
75%,0.6097249699789156,0.7441606214730477,0.7441606214730477,0.4654448701178807,0.5012903813789273,0.518203241092744
max,0.7319458557812873,0.9751605478700817,0.9751605478700817,0.5958097790254021,0.5769186560931038,0.5991802507781521
kurt,0.06366524791582373,0.9931082610807476,1.1135443169284756,-1.170222387280934,-1.0610780575481207,-0.2980712241684538
skew,-0.24774426182719309,0.8025478159822419,0.6190565520714337,0.0949182030636066,-0.275949297860005,-0.6176707625671436
