,Sharpe,Markowitz s.a ret 0.001,Markowitz s.a ret 0.01,Markowitz s.a. riesgo 0.20 ,Markowitz s.a. riesgo 0.25 ,Markowitz s.a. riesgo 0.30 
count,151.0,151.0,151.0,151.0,151.0,151.0
mean,0.5802339278016195,0.7068133310608915,0.70735234113761,0.35972698785739365,0.41413409138502233,0.4013293176222052
std,0.06299118989940501,0.0861498757040245,0.0857456441419094,0.13205949092179742,0.11642442997175304,0.11967589682120731
min,0.42674350887360524,0.4916760617382515,0.48487491432958013,0.08568885973384664,0.09738408125394031,0.03672090872360591
25%,0.5414311261667278,0.6613425024421147,0.6615227432663956,0.24704749831209477,0.35102798731215346,0.3229229240754896
50%,0.5785581088797739,0.6947210779465186,0.6947210779465186,0.3572037463135061,0.4202712331267052,0.4033247363567881
75%,0.6204182216611254,0.7529096504961118,0.7529096504961118,0.4828515163489595,0.5084995484154808,0.5000517815856682
max,0.8517086225879843,0.9891376871508032,0.9891376871508032,0.5861695096013723,0.5871963987935261,0.603049368706382
kurt,1.8945073463670754,1.401747476052818,1.497829520720174,-1.3265485732897409,-0.12316962415578292,-0.32920649960976833
skew,0.5118183434125051,0.5372724825644455,0.5310267715849148,-0.054645149915575675,-0.7174090467851129,-0.5112659695811034
