,Sharpe,Markowitz s.a ret 0.001,Markowitz s.a ret 0.01,Markowitz s.a. riesgo 0.20 ,Markowitz s.a. riesgo 0.25 ,Markowitz s.a. riesgo 0.30 
count,151.0,151.0,151.0,151.0,151.0,151.0
mean,0.566652702968503,0.7106262777940217,0.7120041098879731,0.38026546613886203,0.404816848682428,0.39249017790799245
std,0.0647450018003402,0.07817227337045471,0.07613806606286921,0.10933103312868693,0.1171411842527461,0.1183025320365067
min,0.3626121032494148,0.4867785733154586,0.4864793433731045,0.1019199642653364,0.11057868194279172,0.05402386114147702
25%,0.5277246917519989,0.6636596134880053,0.6652513609018251,0.2898795683942065,0.3035281316676339,0.3118209951405363
50%,0.5673161338494147,0.6904562150513522,0.6897655291478401,0.3796253340573367,0.43397856931463813,0.39792554437298944
75%,0.608036535823639,0.7399386675164823,0.7399386675164823,0.47089341501689597,0.5118511705550305,0.49249958711156616
max,0.7663757010781076,0.9312278956950828,0.9312278956950828,0.5702770376966901,0.6042249644248808,0.588170315452878
kurt,0.461849392755481,0.8318098527330222,0.8498519842328323,-0.8375273396345575,-0.8986000768563316,-0.3522207715616008
skew,0.09235233989313883,0.5845107699010357,0.7160504572470341,-0.18104596405760723,-0.4081616744613202,-0.39339524928014363
