,Sharpe,Markowitz s.a ret 0.001,Markowitz s.a ret 0.01,Markowitz s.a. riesgo 0.20 ,Markowitz s.a. riesgo 0.25 ,Markowitz s.a. riesgo 0.30 
count,151.0,151.0,151.0,151.0,151.0,151.0
mean,0.5744399899814454,0.7125843866010054,0.7124680686090276,0.3758139849606973,0.4010901519746394,0.40651684819980927
std,0.06788741871500176,0.08171067370994275,0.08185954646113748,0.12510336972190417,0.11877049553004938,0.12257960252517955
min,0.3570871713505485,0.5073996215885888,0.4984180122727409,0.07632897377245026,0.1027420123956059,0.05809424909265018
25%,0.5324980099203481,0.6594718916938871,0.65953810233835,0.27798807314109586,0.3175210980253357,0.3078053850377668
50%,0.5774052588972097,0.6926119982739047,0.6926119982739047,0.3995324961909879,0.41335749142052186,0.42681019547353244
75%,0.6141821608577018,0.7570867992279349,0.7570867992279349,0.47459576579420215,0.5071040911753328,0.5113830572273094
max,0.7518155867256354,1.0,1.0,0.5754749223157551,0.5931241031460445,0.5966157215811513
kurt,0.28806915909871966,0.878854635301304,0.9033523475616252,-0.9032976427032033,-0.474489739616081,-0.32415258381067735
skew,-0.18139379770145742,0.8231758869610497,0.8084113695798089,-0.3275557159826029,-0.557031609054846,-0.5718900752827277
