,Sharpe,Markowitz s.a ret 0.001,Markowitz s.a ret 0.01,Markowitz s.a. riesgo 0.20 ,Markowitz s.a. riesgo 0.25 ,Markowitz s.a. riesgo 0.30 
count,126.0,126.0,126.0,126.0,126.0,126.0
mean,0.5732538021428588,0.7480978557497648,0.7483049126051611,0.3541438837938568,0.3721899809860495,0.3694774867102584
std,0.07281136902291208,0.08407982893190445,0.08336647268774719,0.12314620918605533,0.12108521771199489,0.13109377288853472
min,0.38278003047806414,0.48395411063118543,0.5113986823652074,0.0899884700951203,0.09544655914727226,0.048413833764887
25%,0.5272420649276144,0.6941489897011655,0.6941489897011655,0.24131611565613748,0.27487158569487796,0.2781073960868116
50%,0.5780935276098265,0.7374299403576235,0.7374299403576235,0.3637793147616311,0.3690346421464479,0.374592910042966
75%,0.6297987748918801,0.7981767451854067,0.7981767451854067,0.4649512653202378,0.4799545250976224,0.48606113796334144
max,0.7024694448228319,0.9683148187156712,0.9692173058462846,0.5647983022530585,0.5734225994772177,0.5869894699107187
kurt,-0.4897943434465426,0.47417887431266514,0.2835129321682661,-1.1892756495082213,-0.870404611340335,-0.7509416798794093
skew,-0.40835575123873213,0.33343289657234715,0.40510100205073946,-0.16841094733260992,-0.1802285595213811,-0.32772715382256434
