,Sharpe,Markowitz s.a ret 0.001,Markowitz s.a ret 0.01,Markowitz s.a. riesgo 0.20 ,Markowitz s.a. riesgo 0.25 ,Markowitz s.a. riesgo 0.30 
count,126.0,126.0,126.0,126.0,126.0,126.0
mean,0.5781404095162342,0.7535827321125832,0.7546837803740627,0.36298089575335946,0.36766553063031016,0.3710787463666636
std,0.07765315404450437,0.08500183725919494,0.08286218636956942,0.13515002229576592,0.1342840374582982,0.12968514426778335
min,0.358161488019585,0.507587331417556,0.5240219080612412,0.09058144186147768,0.07428963694094483,0.07471068316722196
25%,0.5335666303105022,0.7007045888109997,0.7009311689800599,0.2563271717085853,0.2698266704015404,0.2629218240424969
50%,0.5872793821149784,0.7444583428767038,0.7448322565911438,0.35829153832717886,0.3645074689492914,0.3755820606446225
75%,0.6389576552499941,0.8051892190105017,0.8053414690959307,0.4749356930359139,0.4822471746158329,0.49124071236264466
max,0.7195613049229249,0.9971978403858623,0.9971978403858623,0.59420115848479,0.6095471884183936,0.5967354012898497
kurt,-0.20794470758910988,0.6168395675039555,0.36003318532202755,-1.1353845539860656,-0.9227539240744687,-1.073059191516819
skew,-0.5377334889102257,0.32094938397982653,0.4958869068487066,-0.13762471654916233,-0.15720359164510908,-0.18300414002938828
