,Sharpe,Markowitz s.a ret 0.001,Markowitz s.a ret 0.01,Markowitz s.a. riesgo 0.20 ,Markowitz s.a. riesgo 0.25 ,Markowitz s.a. riesgo 0.30 
count,126.0,126.0,126.0,126.0,126.0,126.0
mean,0.595070087206565,0.7505044674858813,0.7502628196287994,0.3509360785419043,0.3806729182225237,0.36217778872729894
std,0.07519184417931192,0.08571457618479471,0.08584423034258185,0.12813421586979767,0.13435100117814922,0.14399056195269005
min,0.34238553176126924,0.5311723664269219,0.5427819568134741,0.12335736521371914,0.05585869175359188,0.05892966151738983
25%,0.5576360700698455,0.6919461849982577,0.6919461849982577,0.24077686234451076,0.2725758057073253,0.2662959113735553
50%,0.6008968039226423,0.7353575786798734,0.7353575786798734,0.34233554497028096,0.39439776602802845,0.3602490833406602
75%,0.6417704818407474,0.7982484281739184,0.7982484281739184,0.459573715369149,0.5084201053247975,0.4805708664933425
max,0.7464775947522339,1.0,1.0,0.5892024496884098,0.6001773053226112,0.5943609608411969
kurt,0.8270066140282135,0.4558665132629791,0.3769324031199357,-1.2252388187745105,-0.7829033098355596,-0.8028536154092687
skew,-0.6066887793571313,0.6010322805592785,0.6158353546387363,0.12199838760510932,-0.41024705834244984,-0.27309380374618214
