,Sharpe,Markowitz s.a ret 0.001,Markowitz s.a ret 0.01,Markowitz s.a. riesgo 0.20 ,Markowitz s.a. riesgo 0.25 ,Markowitz s.a. riesgo 0.30 
count,129.0,129.0,129.0,129.0,129.0,129.0
mean,0.5813199910172566,0.7428863693516049,0.7423187964005465,0.35119207645484796,0.37966655586474,0.36431459807591365
std,0.07813552473562325,0.08479990054593083,0.08302040550692084,0.11942120285632601,0.1225581645397811,0.1331138760968076
min,0.37990725975028433,0.4957538609823334,0.4909004872794299,0.09377074888291216,0.0623989315892177,0.05157542288737472
25%,0.5446368438528606,0.6782872558640844,0.6782872558640844,0.25220469822193314,0.2956306009891651,0.26982617259016184
50%,0.5904469038115351,0.7401128414295611,0.7393478378664188,0.3518899390992094,0.3927811134079336,0.38645063350247744
75%,0.6243303238009025,0.8046367013873403,0.7998596431791247,0.4443717288884554,0.4750737533792039,0.4773382224685072
max,0.8527944853166416,0.9811864470998422,0.9811864470998422,0.5671937077205483,0.5884190236227063,0.5880135763318077
kurt,0.842101345188623,0.33047536791062315,0.24885620900477656,-1.040756012507531,-0.607094765198219,-0.8728449112454437
skew,-0.2331638206275332,-0.02366076214047959,0.10090265480658639,-0.07061989293613793,-0.48352865151640145,-0.3671054642489756
