,Sharpe,Markowitz s.a ret 0.001,Markowitz s.a ret 0.01,Markowitz s.a. riesgo 0.20 ,Markowitz s.a. riesgo 0.25 ,Markowitz s.a. riesgo 0.30 
count,129.0,129.0,129.0,129.0,129.0,129.0
mean,0.5952213820168565,0.7450432046145457,0.7455363449048619,0.3623564067921928,0.3792069857858072,0.3625493375585781
std,0.08388949795877541,0.08427229816138598,0.08278228202562546,0.13370828543679467,0.12572632475046508,0.13655995498871498
min,0.4092673820010819,0.4849317454821359,0.5079923594681492,0.06275177462097645,0.076299276125368,0.0322551768059558
25%,0.5394261384127423,0.6946951268911545,0.6943717861563636,0.23948860322794607,0.27390554091243974,0.2612033229471877
50%,0.6025551363076662,0.7417858165982195,0.7417858165982195,0.3757125401202704,0.3962173778658203,0.3459382853928554
75%,0.6473327759106395,0.7905108207252727,0.7905108207252727,0.47872283072005617,0.4898126922620233,0.49189740169509233
max,0.863233886573307,0.9499694967727724,0.9499694967727724,0.5713630146013633,0.5761247354115246,0.5920778618659386
kurt,0.12867142241444496,0.8144195658244415,0.5103079093072376,-1.056183570114758,-0.9801655436191528,-0.8697093571144197
skew,0.00099308549166604,-0.15155740815134458,-0.02323618409549075,-0.30745008732604484,-0.29435758585660377,-0.21658120939243858
