,Sharpe,Markowitz s.a ret 0.001,Markowitz s.a ret 0.01,Markowitz s.a. riesgo 0.20 ,Markowitz s.a. riesgo 0.25 ,Markowitz s.a. riesgo 0.30 
count,129.0,129.0,129.0,129.0,129.0,129.0
mean,0.5806422589360082,0.7455852284457005,0.7420485414403584,0.351095339409776,0.36190293406085167,0.38808546990336995
std,0.08323308260786269,0.08787690353793683,0.09129566297392934,0.12421257364337211,0.12751837468526026,0.13142989008159356
min,0.3777247119184249,0.38041161160250053,0.3927723177674287,0.09061918537695632,0.07981593436908442,0.04654126934647639
25%,0.5300844096001875,0.6949023172866582,0.6945016074961605,0.24250739173319977,0.2714881505558618,0.27336755490718134
50%,0.5871729000164061,0.7370542519909759,0.7357336908328683,0.35913016252729596,0.3651512351166311,0.40455799748976445
75%,0.6219317251649167,0.7961193206417567,0.7961193206417567,0.45737914499318494,0.4749979509153659,0.5074913701685058
max,0.9052705449491677,0.9927457560563455,0.9927457560563455,0.5766024514021956,0.5974639375765372,0.5917405638976585
kurt,2.6180160486686934,2.427028839633811,2.602575956597281,-1.118195159028661,-1.0215819712128935,-0.7567058615305577
skew,0.4976824237896212,-0.3251924672287187,-0.5007156104402047,-0.02508553757659042,-0.048990844110160664,-0.44639745299009687
