,Sharpe,Markowitz s.a ret 0.001,Markowitz s.a ret 0.01,Markowitz s.a. riesgo 0.20 ,Markowitz s.a. riesgo 0.25 ,Markowitz s.a. riesgo 0.30 
count,132.0,132.0,132.0,132.0,132.0,132.0
mean,0.5675980860402593,0.7009644507034098,0.7029783803944336,0.38002585360836993,0.39552615438998706,0.4188933852264072
std,0.06454966185643668,0.08303628011933968,0.0782427256185495,0.12357740957699616,0.11096386448329135,0.11804454973802529
min,0.40583130261363554,0.38281390225108497,0.5355927762290671,0.09569379527681442,0.15358290980992276,0.0936963977346213
25%,0.52784514406079,0.6550256710848796,0.6550256710848796,0.2707189157707528,0.30220733407254186,0.32903901727186424
50%,0.5724223095843111,0.6934908305654119,0.6935783805111332,0.39386050391361244,0.38898871382150224,0.4391902491083858
75%,0.6067443726874865,0.7404279945727372,0.7404279945727372,0.48907983440455327,0.5024850594351421,0.5240886614247086
max,0.7265836182257509,0.9422231961279179,0.9422231961279179,0.5949734114026567,0.5915911755321376,0.6049864631345135
kurt,-0.03343395366886881,2.29094356715598,1.4049911360514096,-1.0661367169593894,-1.153677622360661,-0.2866361806705129
skew,-0.073303565550643,0.43956433180505844,0.9790313285174185,-0.1558172513095229,-0.15724650634128037,-0.6170733152149723
