,Sharpe,Markowitz s.a ret 0.001,Markowitz s.a ret 0.01,Markowitz s.a. riesgo 0.20 ,Markowitz s.a. riesgo 0.25 ,Markowitz s.a. riesgo 0.30 
count,132.0,132.0,132.0,132.0,132.0,132.0
mean,0.5668311121968552,0.7053725251721217,0.7008641926590273,0.3821010542129199,0.3858969554197557,0.40227776949566896
std,0.06515277452380125,0.08407096412295945,0.08914699957627241,0.12014135129736091,0.10802469101252679,0.1234135654171616
min,0.4018026904333312,0.4612303002439523,0.41560681760136153,0.12236044014394931,0.1262511118241452,0.02741718720417965
25%,0.5352378488125192,0.6574514665380491,0.655512470826422,0.28238896870396535,0.29238720009249713,0.31424198940106673
50%,0.5707662561732694,0.6937864155447717,0.6911426245685345,0.3889488918666864,0.39062534277233457,0.41977988293374174
75%,0.6034656792672011,0.74402159850254,0.7373049941387781,0.48750225688572235,0.46950635465144547,0.5077380444331135
max,0.8051057125052664,1.0,1.0,0.5807589261003911,0.592440695063495,0.5850486025268264
kurt,1.3202751693200576,1.832411337722379,2.152426743001835,-1.1299691537799332,-0.7839242536677937,-0.007831623894585249
skew,0.14786178434701558,0.7672999547854665,0.3688781816676575,-0.17417155724531375,-0.05365517272203964,-0.648067169861164
