,Sharpe,Markowitz s.a ret 0.001,Markowitz s.a ret 0.01,Markowitz s.a. riesgo 0.20 ,Markowitz s.a. riesgo 0.25 ,Markowitz s.a. riesgo 0.30 
count,132.0,132.0,132.0,132.0,132.0,132.0
mean,0.5799835533219999,0.6985274044632934,0.6970564095936986,0.3898038627590944,0.3989846556196081,0.39753480673808417
std,0.06755484583816415,0.07128934435722777,0.07582496955787528,0.11795613974433981,0.11917362928575086,0.11814282280215173
min,0.4038632208133566,0.4782443744305048,0.3388936915574923,0.10092795174459096,0.09837827329133712,0.10061967701361066
25%,0.5447142581661917,0.6509404754216473,0.6491373209654777,0.28794046491914427,0.30551391549395923,0.31338692136539464
50%,0.5770787601646079,0.6938315443561358,0.6938315443561358,0.3926565336997919,0.4027220969645069,0.3885945836574821
75%,0.6220149019572702,0.7335623590897962,0.7335623590897962,0.4981320690681248,0.5152337337461372,0.5047550073176506
max,0.7877470797100176,0.9062771487595226,0.9062771487595226,0.6074846587559828,0.6009034011027927,0.6142856274450001
kurt,0.45342738171408836,0.9124870138773824,3.664884311023991,-1.0661725661642212,-0.9773449325011447,-0.6909320628720312
skew,-0.07257843489701846,0.31806806151985284,-0.3759030784378045,-0.15387335247431183,-0.22560438931829438,-0.163131106039526
