,Sharpe,Markowitz s.a ret 0.001,Markowitz s.a ret 0.01,Markowitz s.a. riesgo 0.20 ,Markowitz s.a. riesgo 0.25 ,Markowitz s.a. riesgo 0.30 
count,133.0,133.0,133.0,133.0,133.0,133.0
mean,0.5689455723649088,0.7077890775845631,0.7061168404198018,0.39419179588896947,0.3645410987462997,0.41479803950158806
std,0.06274989224727774,0.07284423603188579,0.07574447827641934,0.1172516024854304,0.11603022324008595,0.11847640771189909
min,0.3990979773134183,0.5130959160027331,0.4991447729606415,0.0890274326643003,0.08051886998888794,0.08352610135963999
25%,0.5356457517908932,0.6500067494181964,0.6500067494181964,0.2980766365151466,0.27516566229857103,0.3183945320689606
50%,0.5746982851859683,0.7046907192829511,0.7046907192829511,0.3993002481473231,0.3490722413395203,0.4341047430474534
75%,0.6071607647553887,0.7461759794894367,0.7461759794894367,0.5016916105658199,0.468968190480506,0.5200103743483893
max,0.7281891102051877,0.8982072711350308,0.8982072711350308,0.5921559786252059,0.5735680952182279,0.604628004926709
kurt,0.10667077469390263,0.1815437209560926,0.3148902309877313,-0.6082781968731803,-1.0099096813340336,-0.8162459968507978
skew,-0.3550654849802572,0.46433213567333625,0.26648442327075933,-0.4004279431576807,0.10960258189040967,-0.3926729918717906
