,Sharpe,Markowitz s.a ret 0.001,Markowitz s.a ret 0.01,Markowitz s.a. riesgo 0.20 ,Markowitz s.a. riesgo 0.25 ,Markowitz s.a. riesgo 0.30 
count,133.0,133.0,133.0,133.0,133.0,133.0
mean,0.5712231381835811,0.7135222153207242,0.7098517307898814,0.3800641998430709,0.3973118708596831,0.3983760849420318
std,0.06658917985302981,0.07739012000076041,0.0848712294147428,0.12071359443022404,0.11736818620353251,0.1221489494659318
min,0.4025395384619178,0.5476572676237572,0.404962927194652,0.10284771929433634,0.08538083843159577,0.06531854680844598
25%,0.5278985533245438,0.6586378631441273,0.6563275884093447,0.27486589789049914,0.3114118605764117,0.31890178668869584
50%,0.5735635103758435,0.700873311889171,0.7003007269585284,0.39649617179553753,0.4114393526714626,0.39829320985389666
75%,0.6175928860506021,0.7428237148302825,0.7428237148302825,0.4824068806783744,0.5014303077731285,0.5069239435694218
max,0.7387080995541999,0.9448189922716566,0.9448189922716566,0.5849402566778162,0.5892508894761208,0.6020309329194137
kurt,-0.10528642141728461,0.7014220178018542,1.7965699594176194,-0.9788761134098536,-0.35827751815487296,-0.32699723336251596
skew,-0.209821483802433,0.8541324982033406,0.16782547026709274,-0.3136429925871199,-0.5347684788086652,-0.48730147329023993
