,Sharpe,Markowitz s.a ret 0.001,Markowitz s.a ret 0.01,Markowitz s.a. riesgo 0.20 ,Markowitz s.a. riesgo 0.25 ,Markowitz s.a. riesgo 0.30 
count,133.0,133.0,133.0,133.0,133.0,133.0
mean,0.5675146505889498,0.7099171048098256,0.7042577254526345,0.3743841382436106,0.39830583592318713,0.41378122817977286
std,0.06166085326725971,0.07872931163258255,0.0852820837272583,0.1227110952566339,0.1203767135589487,0.11509689708848796
min,0.36757873541262154,0.5089610759779943,0.44275145681182576,0.12580058658564608,0.08284282059496115,0.07919618169152762
25%,0.5387287196552036,0.6665275971686272,0.6603901000465449,0.2698307182155034,0.30910644238850266,0.33259121860170554
50%,0.5655832797796608,0.7020862060095244,0.7001309568623533,0.37203104645943397,0.39346239634401997,0.42109926472905485
75%,0.6072976093426028,0.7467457601567988,0.7447836665087053,0.47966355427612056,0.5046516725644321,0.5179443001469857
max,0.7390798293297232,0.9439978121931774,0.9439978121931774,0.6265999528696405,0.602966614913305,0.5919543750914469
kurt,1.2779714867581258,1.0921283150132868,1.543494332675364,-1.1182020484083126,-0.8236928243614536,-0.14709698361256596
skew,-0.2722372679228772,0.5711474360707353,0.09585737916207676,-0.056179660035383355,-0.2466573681249372,-0.578194540696999
