,Sharpe,Markowitz s.a ret 0.001,Markowitz s.a ret 0.01,Markowitz s.a. riesgo 0.20 ,Markowitz s.a. riesgo 0.25 ,Markowitz s.a. riesgo 0.30 
count,188.0,188.0,188.0,188.0,188.0,188.0
mean,0.5196567870859773,0.6287909799475849,0.6295479812125245,0.38151407713854724,0.41617442504822133,0.46256450962731716
std,0.0525438892557156,0.04877324204214557,0.047782613271704966,0.11668270352635526,0.10495520731543813,0.08769235400506611
min,0.38399283804684203,0.3750430535426022,0.37870731941729363,0.17111041877971941,0.19169696343321638,0.267426285027431
25%,0.48792972489945186,0.6056142012157513,0.6089348083313361,0.2716816065691844,0.3249675879899956,0.387418112349719
50%,0.5209177990528948,0.6353157426019937,0.6359004055292021,0.39535095715681057,0.42132806777369236,0.46844465226302295
75%,0.5565124272615698,0.659611013401918,0.659611013401918,0.4865643760161862,0.5089369624207386,0.5375312957125629
max,0.6585519902817439,0.7213654789940281,0.7214882907102896,0.606121639931882,0.6020471880358111,0.6123050249215906
kurt,-0.00020115884645388604,6.694659134114012,6.968585002392073,-1.3111055447672089,-1.1955863199720007,-1.031163597781298
skew,-0.2234770855386176,-1.8796876406812508,-1.8817662460259292,-0.167002128435488,-0.14150880866357862,-0.23630819181565843
