,Sharpe,Markowitz s.a ret 0.001,Markowitz s.a ret 0.01,Markowitz s.a. riesgo 0.20 ,Markowitz s.a. riesgo 0.25 ,Markowitz s.a. riesgo 0.30 
count,188.0,188.0,188.0,188.0,188.0,188.0
mean,0.5244483685952495,0.6279429881063473,0.6276630476739016,0.3784681061096074,0.41597333178614865,0.46135591276978505
std,0.055035303668378714,0.04968277057168099,0.05045207227297746,0.1050231013295662,0.11083367730789108,0.09273436704263081
min,0.3340979393748971,0.33092318648812136,0.37859783881634784,0.17276294811375892,0.15372168041636836,0.2348815303519458
25%,0.4990058269061784,0.6123292384050766,0.6123292384050766,0.2944615026636606,0.3310468468851848,0.3833698453669476
50%,0.5341293524801625,0.6340377066237082,0.6335082360329507,0.38304910217764004,0.428448739558566,0.4496582683117134
75%,0.5592289567070172,0.6565925956050946,0.6565925956050946,0.47138964311392506,0.5089747995248703,0.5499045897400674
max,0.6585645880663111,0.7547069027407072,0.7547069027407072,0.5914176844092996,0.5932894674652872,0.6180614127150867
kurt,1.0280448511802227,9.011613429866998,7.776310475709408,-0.9809673707448003,-0.8312333801257776,-1.060991070879975
skew,-0.846103199893667,-2.0899998707731458,-2.063389336136247,-0.1586510240948032,-0.3098416759071094,-0.13892023927966882
