,Sharpe,Markowitz s.a ret 0.001,Markowitz s.a ret 0.01,Markowitz s.a. riesgo 0.20 ,Markowitz s.a. riesgo 0.25 ,Markowitz s.a. riesgo 0.30 
count,188.0,188.0,188.0,188.0,188.0,188.0
mean,0.5250380030439241,0.6352733849656351,0.6348400362498463,0.37327718862298337,0.4288794482729849,0.4604680974026185
std,0.05294417827939326,0.03964604426241334,0.04109405519396049,0.12066181380127278,0.1023737400706173,0.08793081805904407
min,0.360849493193157,0.4549868036173181,0.4033002660234558,0.16019182428745907,0.2103768126946618,0.22823916620695936
25%,0.49124049057426983,0.6152266779860021,0.6148782252427398,0.2595287705322491,0.3355813063739686,0.3854974875268877
50%,0.5329098183053154,0.638205843768338,0.638205843768338,0.36765924204385414,0.4452252175349683,0.4823205375673595
75%,0.5612947705695502,0.6612117329630858,0.661682070757708,0.4836598655254716,0.5142440716324261,0.5317443781209636
max,0.6540369795624092,0.7201264717537086,0.714148439365362,0.6330656756695934,0.6081350200005307,0.6047677387054641
kurt,0.07106478368912983,3.9472816843866294,6.274714338078944,-1.3312835774122442,-1.078065532544333,-0.9344124941845435
skew,-0.48212338059484167,-1.2544807350886298,-1.6017173250443737,0.026314452117365134,-0.2718772120445259,-0.3358253030632864
