,Sharpe,Markowitz s.a ret 0.001,Markowitz s.a ret 0.01,Markowitz s.a. riesgo 0.20 ,Markowitz s.a. riesgo 0.25 ,Markowitz s.a. riesgo 0.30 
count,182.0,182.0,182.0,182.0,182.0,182.0
mean,0.521595291954524,0.6301669722983033,0.6295075834533675,0.3761459607090518,0.4124104325094343,0.47078989320011516
std,0.059450072421198666,0.046290770905175305,0.04721006887402394,0.12123002346110048,0.10877967014482554,0.09103128674892505
min,0.3655544756610077,0.35227286209825975,0.370346960437379,0.16611929817594606,0.15078448385768606,0.24705231221564053
25%,0.48644548025343304,0.6044114681778773,0.6044114681778773,0.2681570363163055,0.3296257907456826,0.3932172646015097
50%,0.5325032688513354,0.6334560197601747,0.6332003130984711,0.36237686552632353,0.41123874823767603,0.4882949879897572
75%,0.5635593987465675,0.6612344125087521,0.6608502189630605,0.4951063478108496,0.5116169673874338,0.549109987497467
max,0.6406214015130837,0.7211507962246348,0.7211507962246348,0.5836077074742585,0.6122925611396678,0.6117900229205134
kurt,-0.24909624409713738,6.967060267050108,5.319255351931844,-1.4406764859464098,-1.0022686567513932,-0.8761346442673954
skew,-0.5398553211558672,-1.571379422514387,-1.4556695097710777,0.06975185744979638,-0.1442703333790659,-0.481649392475949
