,Sharpe,Markowitz s.a ret 0.001,Markowitz s.a ret 0.01,Markowitz s.a. riesgo 0.20 ,Markowitz s.a. riesgo 0.25 ,Markowitz s.a. riesgo 0.30 
count,182.0,182.0,182.0,182.0,182.0,182.0
mean,0.5266958527955141,0.6316180419798036,0.6312016546210184,0.3806325655179484,0.42123454085779405,0.4634036130526504
std,0.052841646096256314,0.04279857671358078,0.04342570698044552,0.12493085026656697,0.10677867711501415,0.09479932685654832
min,0.3450213317228015,0.44872668985246433,0.4620407331330298,0.16542621201688623,0.1540610145902275,0.2315297335037857
25%,0.4990291114996287,0.6088006666842596,0.6088006666842596,0.26761580276429475,0.3348473525171746,0.3817321353965453
50%,0.5330810404713506,0.6339199611086597,0.6339199611086597,0.3878595372227722,0.4370106347085905,0.48415547112709467
75%,0.5624343822705034,0.6623746979506859,0.6628081096813536,0.491000058260594,0.5108922300733156,0.5403294986881206
max,0.6306316277164024,0.7280602774180918,0.7280602774180918,0.6343053252900581,0.6126513155570725,0.6167144360262395
kurt,0.5083289811777925,2.7806151104623402,2.177209677745623,-1.2637358484636445,-0.9791169544011087,-1.003105498820268
skew,-0.7626973744623483,-1.0872219432468317,-1.0363407505938862,-0.07102127960551295,-0.34499466358639547,-0.35332003967106845
