,Sharpe,Markowitz s.a ret 0.001,Markowitz s.a ret 0.01,Markowitz s.a. riesgo 0.20 ,Markowitz s.a. riesgo 0.25 ,Markowitz s.a. riesgo 0.30 
count,182.0,182.0,182.0,182.0,182.0,182.0
mean,0.527613146866736,0.6330959022256812,0.6324314054665575,0.3771820473588736,0.415838509708017,0.45582318537658
std,0.05375811071634148,0.040456696707059266,0.04153680527971255,0.11386438998218244,0.10828450593625695,0.09945518713370183
min,0.3265382885769112,0.48439727955164585,0.47605006760118795,0.164392605930274,0.17156367746008888,0.21050954176186706
25%,0.5027231169841412,0.6080998068979362,0.6067751903849115,0.28646873542259127,0.3298881894206618,0.37905924479650904
50%,0.5374093174821374,0.6348758136668241,0.6348758136668241,0.3657808782099573,0.4210280334051014,0.47919537783767446
75%,0.5614884523458049,0.6596157660676992,0.65993591916914,0.48453900668803984,0.5163186290052102,0.5417794597072334
max,0.6309454658818803,0.7308570056853267,0.7308570056853267,0.5815358193404548,0.5937718206210226,0.6079198350311514
kurt,1.0154981015310098,0.7315706143944984,0.9464766096747854,-1.2373163979691126,-1.0534017428486366,-0.9101073665867854
skew,-0.8314425530539583,-0.2910961423869645,-0.3957730332067044,-0.07583310240727702,-0.2327037505880504,-0.4273482410728411
