,Sharpe,Markowitz s.a ret 0.001,Markowitz s.a ret 0.01,Markowitz s.a. riesgo 0.20 ,Markowitz s.a. riesgo 0.25 ,Markowitz s.a. riesgo 0.30 
count,191.0,191.0,191.0,191.0,191.0,191.0
mean,0.5158065714472976,0.6321059817853529,0.6314455399634553,0.38588981296839514,0.40656941093517934,0.45774667656270324
std,0.059878448676443576,0.04752654296809228,0.048627042647028385,0.11792876759161743,0.10725835885312643,0.09401835608019504
min,0.3063846652876244,0.40568601516793334,0.4151479911685808,0.16663947789015818,0.13328136765218232,0.23778015273692898
25%,0.48426255746126334,0.6080324128101777,0.6080324128101777,0.2755782417653825,0.3230829512658573,0.37760829233659177
50%,0.524504102558417,0.6354649373675764,0.6354649373675764,0.413562967139921,0.40896999494445135,0.4697581807248636
75%,0.5565820690463329,0.6640994490629021,0.6640994490629021,0.49086661902203144,0.5006363487217589,0.5386977254895222
max,0.6732385150572803,0.7456044746330834,0.7461373633653194,0.5889555619776525,0.6092801455991501,0.6178648726363855
kurt,0.5109797036694865,4.0417340424568415,3.5956362986949006,-1.3591078934729557,-0.9952573250186467,-0.9453233553550557
skew,-0.65690478987108,-1.158806850764202,-1.1585318867530237,-0.21799883696326494,-0.155100853484908,-0.38006518945908463
