,Sharpe,Markowitz s.a ret 0.001,Markowitz s.a ret 0.01,Markowitz s.a. riesgo 0.20 ,Markowitz s.a. riesgo 0.25 ,Markowitz s.a. riesgo 0.30 
count,191.0,191.0,191.0,191.0,191.0,191.0
mean,0.5161409599657575,0.6299586950222609,0.6304995436131945,0.380352653876745,0.4157407508471237,0.4591097591882247
std,0.062495663089408265,0.047090408725683236,0.04691565785725068,0.11121951310854546,0.10240794252739663,0.09800429094076439
min,0.35313502113279216,0.40109576443170214,0.3951848433328531,0.156186423636854,0.1634050190915209,0.17198578405746004
25%,0.4693390981436504,0.6055193047238159,0.6059869835575455,0.2847799304333922,0.3287610956551976,0.3793171087936802
50%,0.5293081720973253,0.6323516241184108,0.6331088392537395,0.3888830093188504,0.4207213588387005,0.47732438010205336
75%,0.5608574125574677,0.6609425231707664,0.6609425231707664,0.4745548098227377,0.508925622876512,0.5462772935351689
max,0.6665812737642092,0.742020005856469,0.742020005856469,0.5931521172695686,0.5994635338054473,0.6283029453488586
kurt,-0.44844448876288245,3.904477946665593,4.216977622629805,-1.148120745791591,-0.9587968328755778,-0.8640325097984469
skew,-0.33204850398197727,-1.1373635405716243,-1.1895296364062502,-0.21842856356595017,-0.21045309401391032,-0.41444164681361173
