,Sharpe,Markowitz s.a ret 0.001,Markowitz s.a ret 0.01,Markowitz s.a. riesgo 0.20 ,Markowitz s.a. riesgo 0.25 ,Markowitz s.a. riesgo 0.30 
count,191.0,191.0,191.0,191.0,191.0,191.0
mean,0.5179088681343696,0.6259355957355361,0.6262623594508602,0.37801064532447864,0.4222028949954862,0.4523251553249513
std,0.057127079050088965,0.042179967450274754,0.0418295314641027,0.11245332337199826,0.10895417388457543,0.09318135267579225
min,0.33338180861378586,0.45295930583022304,0.44785203894627834,0.1692482403006663,0.20068711089216554,0.20993851930563992
25%,0.4830813130643359,0.6097892200798649,0.6099601849463928,0.2816080065151024,0.3273034745199942,0.37434382860370613
50%,0.5288675612573188,0.6341814969849301,0.6341814969849301,0.36926242065841014,0.441883228162234,0.44943929975112
75%,0.5540110840376515,0.652143463562334,0.652143463562334,0.4775089042852285,0.5149441078937387,0.5332523055061944
max,0.6329418852800993,0.6988312047383874,0.6988312047383874,0.5769881382554761,0.610945883582144,0.6426171259869943
kurt,0.43069248427209317,3.019750035530916,3.161152169024735,-1.277933199525302,-1.1411911621128543,-1.012182604553081
skew,-0.6542791377377495,-1.3590808383937198,-1.3673850114158956,-0.025604607406984906,-0.33859565410780623,-0.1339634057119558
