,Sharpe,Markowitz s.a ret 0.001,Markowitz s.a ret 0.01,Markowitz s.a. riesgo 0.20 ,Markowitz s.a. riesgo 0.25 ,Markowitz s.a. riesgo 0.30 
count,188.0,188.0,188.0,188.0,188.0,188.0
mean,0.5133965172457118,0.624119480380636,0.6228810210124008,0.38584472479857157,0.4143125396149526,0.47201434697403954
std,0.06164349179530477,0.042164097451905816,0.04701976162937466,0.11049105420975504,0.11360848186809784,0.0894940358245511
min,0.3406456545819298,0.46155835360772385,0.29453103109746603,0.15397357258925037,0.15812130396281693,0.2132244040349802
25%,0.4733631563647628,0.6050265018155618,0.6050265018155618,0.3009463518630149,0.32698498850665414,0.40256061044408287
50%,0.5238367324886013,0.6267278411516051,0.626172813297289,0.3984903858388935,0.4236909038408623,0.48914771118833367
75%,0.5577089715285581,0.6524932496825432,0.652319055234746,0.4811267292655983,0.508189534560415,0.5464609834092654
max,0.6316272720540531,0.7043559700789264,0.7043559700789264,0.6288131988994361,0.618477337836441,0.6110303010449328
kurt,-0.04865974566423237,2.3003742275455403,12.71363508991684,-1.0347808823861144,-0.854953323838819,-0.7064659212593147
skew,-0.6162832988614793,-1.122112145458093,-2.383513971595072,-0.17532969669627,-0.35349704986770825,-0.4578273206800057
