,Sharpe,Markowitz s.a ret 0.001,Markowitz s.a ret 0.01,Markowitz s.a. riesgo 0.20 ,Markowitz s.a. riesgo 0.25 ,Markowitz s.a. riesgo 0.30 
count,188.0,188.0,188.0,188.0,188.0,188.0
mean,0.5202273791538496,0.6279441719922544,0.6295072608000324,0.37598602807200293,0.41430740870976435,0.4515714105557663
std,0.05897783548951287,0.048090469191269164,0.0430873780312116,0.11275980473752117,0.10626067138721239,0.09132390572209102
min,0.30216719600629205,0.3794966821261565,0.4657592653893514,0.162618462116652,0.15873749225044148,0.18347652804767292
25%,0.4830899775614104,0.6049720782879233,0.6052093638405167,0.2758960976403123,0.32977377549298076,0.3743696983184746
50%,0.5312028447475452,0.634947722587784,0.634947722587784,0.3743729621979476,0.42090202827321105,0.4473523652786514
75%,0.5603064482817495,0.6557839514083024,0.6557839514083024,0.47591822584424265,0.5065202979774543,0.5349951170962389
max,0.6368847665418285,0.802220492029198,0.802220492029198,0.5751558965449902,0.6211870232964167,0.6214169792169159
kurt,0.9707547757873254,5.886694147075694,2.7173385682773707,-1.1740829664227508,-0.9625338893020672,-0.922229940028549
skew,-0.7716626814304021,-1.3199626875458121,-0.5328250572576492,-0.044593965768529795,-0.2388824738936242,-0.10833149577188349
