,Sharpe,Markowitz s.a ret 0.001,Markowitz s.a ret 0.01,Markowitz s.a. riesgo 0.20 ,Markowitz s.a. riesgo 0.25 ,Markowitz s.a. riesgo 0.30 
count,188.0,188.0,188.0,188.0,188.0,188.0
mean,0.5168141520666886,0.6273884243917025,0.6274583715468689,0.3852093629891962,0.4058375788408056,0.46416250001231735
std,0.06051674556294225,0.04459965702911549,0.04501890441960067,0.10991749082210049,0.10996414970851778,0.09664421813486654
min,0.3118494855456579,0.4124663296879716,0.39688718609484513,0.16784381344803523,0.16418191457227177,0.20839618263506038
25%,0.48062960986975434,0.6060770656707648,0.6062955077500711,0.29761891046846806,0.31766833810349915,0.39490512161776253
50%,0.5273850125286523,0.6255257730477572,0.6259294195202563,0.39108713507246184,0.4099906258451719,0.47421465748575614
75%,0.5590354994562807,0.6552717280602509,0.6552717280602509,0.4795661413047983,0.5057291406625006,0.5543851303251307
max,0.6294420095209521,0.7241473958738972,0.7241473958738972,0.5688346057639075,0.5862487603381574,0.6232860568720081
kurt,0.40561699394889494,3.189963009627501,3.8924593792235633,-1.1303302557646548,-1.0129107282204122,-0.7028548506659842
skew,-0.7389294582829237,-0.8998696170847725,-1.015926992259952,-0.13061070711900258,-0.23595232571499483,-0.40802315894779745
