,Sharpe,Markowitz s.a ret 0.001,Markowitz s.a ret 0.01,Markowitz s.a. riesgo 0.20 ,Markowitz s.a. riesgo 0.25 ,Markowitz s.a. riesgo 0.30 
count,83.0,83.0,83.0,83.0,83.0,83.0
mean,0.5751552552321,0.7077317422267393,0.7046318540367171,0.39237685800077327,0.40517462797943893,0.43427211515043085
std,0.06857321919407229,0.06130874731088624,0.06615980098371743,0.12235989863279355,0.11683128346637664,0.10295782917663648
min,0.3355650296912192,0.5834439874712128,0.502649583660018,0.17047680202031168,0.13986564772509227,0.20525333254429737
25%,0.5299849625046189,0.6725826045253134,0.6683110410795465,0.2747655894643057,0.3078531747215987,0.36558212332035256
50%,0.5855329757346828,0.6985697638478076,0.6982071772581219,0.3909023893766997,0.404784746379599,0.44913007330877325
75%,0.6170389251843564,0.7375466909715288,0.7375466909715288,0.5101981877147019,0.5035976433620142,0.52188503662507
max,0.7391988505587738,0.9136215701920842,0.9136215701920842,0.5914814207930846,0.5828305925216555,0.5849407069505224
kurt,1.6043584816157468,1.6147944385526065,1.7366832213366798,-1.333279331468335,-0.9407993154801146,-0.6481812611371356
skew,-0.6945623316135953,0.7982989267003135,0.3572866747987812,-0.055767569572358115,-0.2882493870086573,-0.5841350777969524
