,Sharpe,Markowitz s.a ret 0.001,Markowitz s.a ret 0.01,Markowitz s.a. riesgo 0.20 ,Markowitz s.a. riesgo 0.25 ,Markowitz s.a. riesgo 0.30 
count,83.0,83.0,83.0,83.0,83.0,83.0
mean,0.5824768877360997,0.7209884589817022,0.7209795214050236,0.3859762309087892,0.3931037105299648,0.39081082672246825
std,0.06827351765766138,0.07334235408427081,0.07329962144280767,0.10477627772043419,0.12128281833940985,0.12456123441348495
min,0.4337806719118437,0.5899346152086842,0.5899346152086842,0.13378589770242838,0.10595119475902035,0.0310668425467077
25%,0.5389452698535011,0.6775356444785495,0.6775356444785495,0.3117764256930623,0.2994614339093628,0.30901818938990144
50%,0.5760172723071096,0.7104765004226714,0.7104765004226714,0.3812182615412747,0.4128372466955602,0.38095175925527297
75%,0.6244500355561691,0.7524739466263768,0.7524739466263768,0.48096071292399845,0.5038274077888665,0.5113496491999259
max,0.7527050410125551,0.9601639598793991,0.9601639598793991,0.5537244133476084,0.5836927272517147,0.5811404221021376
kurt,-0.03712479136132085,1.4558228049972275,1.452642746282165,-0.8113676997668593,-0.8777552734787637,-0.2724157656335411
skew,0.12109728122523748,0.908379739012511,0.9147455587945696,-0.2758796821916653,-0.33496198222138507,-0.45762011701679695
