,Sharpe,Markowitz s.a ret 0.001,Markowitz s.a ret 0.01,Markowitz s.a. riesgo 0.20 ,Markowitz s.a. riesgo 0.25 ,Markowitz s.a. riesgo 0.30 
count,83.0,83.0,83.0,83.0,83.0,83.0
mean,0.5848049749975105,0.7156585284729496,0.7176681978399133,0.3885465374950757,0.41377090039323466,0.37553918128371905
std,0.0725476598709787,0.09044708197308464,0.08644636618572439,0.12440439233525005,0.11309320985471916,0.13860393892708087
min,0.3947775207109439,0.48084003296514105,0.5468446080657594,0.10163440724213171,0.14577251156155743,0.0700146250360337
25%,0.5404435490268069,0.6579854394972291,0.6607701274716363,0.27367951855358097,0.3411397567531715,0.27645542229346654
50%,0.5918843064341178,0.7104424249646895,0.7104424249646895,0.3995007789112606,0.4261774721114947,0.3925789319468883
75%,0.6369247051977261,0.7558564254159843,0.7527645064774575,0.4971263672299079,0.5088510463565481,0.4870623880099529
max,0.778363249928239,0.9689278278748602,0.9689278278748602,0.5694487434346429,0.5969270577648979,0.5889871848848427
kurt,0.31035371220570207,0.8430882718237034,0.8279450480941679,-1.2213280916510718,-0.8273258413834119,-0.8953987055172496
skew,-0.41262628936623374,0.5750457977715404,0.8299458943155835,-0.24167258466819921,-0.5149307575666153,-0.3372598931457628
