,Sharpe,Markowitz s.a ret 0.001,Markowitz s.a ret 0.01,Markowitz s.a. riesgo 0.20 ,Markowitz s.a. riesgo 0.25 ,Markowitz s.a. riesgo 0.30 
count,101.0,101.0,101.0,101.0,101.0,101.0
mean,0.5853568105603235,0.7329987119559033,0.7328913691074684,0.3836927499667677,0.39988782704192943,0.3989292961064839
std,0.06698290047103617,0.08518960619277634,0.08533002631981637,0.1289915248740718,0.10490943450603843,0.12681429075209671
min,0.3951576518219937,0.5527088368048779,0.5526127200234008,0.08139786532976064,0.125115085579906,0.11144496874221631
25%,0.5483339093913754,0.6760346073398396,0.6753971533624725,0.2789546813844702,0.31862102059578545,0.30093532803739653
50%,0.5875994594619038,0.7102594307773246,0.7115452892070168,0.39906893066212185,0.39639890532859223,0.40520385087676924
75%,0.6264875184934862,0.782765534769872,0.782765534769872,0.49949051571849384,0.49249469381649924,0.509720639886447
max,0.7422218648788232,0.9746894217032938,0.9746894217032938,0.5762272414206866,0.5965914545196549,0.5804985402619675
kurt,-0.01389823683734015,0.7370040165424712,0.7305921382168612,-1.0722103512474925,-0.7635551760162089,-0.7871532493311495
skew,-0.20228125232135605,0.9881246659880688,0.9840727761293859,-0.3909663667526318,-0.2366763640599734,-0.46623496129796455
