,Sharpe,Markowitz s.a ret 0.001,Markowitz s.a ret 0.01,Markowitz s.a. riesgo 0.20 ,Markowitz s.a. riesgo 0.25 ,Markowitz s.a. riesgo 0.30 
count,101.0,101.0,101.0,101.0,101.0,101.0
mean,0.576057986077733,0.7184124792388675,0.7188064894050608,0.38424855231066013,0.42334021762677937,0.4124739387995605
std,0.0703101700225652,0.08699785298422204,0.08640610536359572,0.12101814274368383,0.11391048725543688,0.11390931776691592
min,0.38456846204451883,0.5045872209184482,0.5047941729719432,0.152503668337883,0.0699727156228924,0.025139871942819997
25%,0.5412309318714086,0.6731094384525302,0.6731094384525302,0.2748517181327587,0.34614522771239004,0.33774304615490486
50%,0.583047711566108,0.7001487050737436,0.7001487050737436,0.3764140715844794,0.45302060198734123,0.4136990856916202
75%,0.6181808119031386,0.7537768858349037,0.7509199742859987,0.48820934207940475,0.5136311837059334,0.5169165549149084
max,0.7820091290455212,1.0,1.0,0.6131038514690647,0.594181707566504,0.5830492895477452
kurt,0.7009538198465153,1.7125172149966255,1.8083568685822304,-1.1916214672190415,-0.2516734239073095,0.7372091557125438
skew,-0.2774522497899187,0.972040254891558,0.9948876651468154,-0.04016585242616322,-0.7093701296399071,-0.7647028306686929
