,Sharpe,Markowitz s.a ret 0.001,Markowitz s.a ret 0.01,Markowitz s.a. riesgo 0.20 ,Markowitz s.a. riesgo 0.25 ,Markowitz s.a. riesgo 0.30 
count,101.0,101.0,101.0,101.0,101.0,101.0
mean,0.5801087352657539,0.7193329699699837,0.7231125998565201,0.3940639166437631,0.4050721736412105,0.3928546884576096
std,0.0736814246226357,0.09501760058904027,0.08860732983254323,0.11434654902785495,0.12743486621950817,0.12010043054472949
min,0.3536895979739929,0.4375684209404389,0.503907731552098,0.08521524926516785,0.12525490611375678,0.03871853398479125
25%,0.5346359455073733,0.6699961781348351,0.6711202049378127,0.3023178096311234,0.30189307057288994,0.3034764243908948
50%,0.5800945557712357,0.7116570432295589,0.7116570432295589,0.4066310218888223,0.445282264237735,0.38540629498448314
75%,0.62790124842148,0.7541415890251861,0.7541415890251861,0.4946611638591819,0.5098676681907854,0.5030317218090818
max,0.7666060185720334,0.966521390752676,0.966521390752676,0.5871226672605211,0.5866019870456671,0.6048912551287932
kurt,0.39794303219729077,1.6366851734605246,1.5165361528781491,-0.7835572627148517,-0.8290207198829358,-0.13337291924619077
skew,-0.11885165124453358,0.3456524299458761,0.7708740669409174,-0.3607988440348274,-0.5255920902943694,-0.41543186266136994
