,Sharpe,Markowitz s.a ret 0.001,Markowitz s.a ret 0.01,Markowitz s.a. riesgo 0.20 ,Markowitz s.a. riesgo 0.25 ,Markowitz s.a. riesgo 0.30 
count,114.0,114.0,114.0,114.0,114.0,114.0
mean,0.5726475450271349,0.7056368220317476,0.7060658087997255,0.39752914851758875,0.3989935977736617,0.42393423635668764
std,0.06867549869782905,0.06331799406884599,0.06325365405467341,0.1247001984636956,0.1173147862112906,0.10460242291885265
min,0.3964862215129949,0.5355684089792463,0.5359353984273136,0.10565224282440143,0.14149643313571758,0.19199384353759172
25%,0.5426007946834346,0.6692380731109,0.6722791007686248,0.2800017484661866,0.302600097100693,0.3407500931124521
50%,0.5832037868287457,0.702417910780101,0.7029290929433429,0.4354635787356589,0.4075744568614262,0.43441395150610496
75%,0.6126958327255245,0.7397837636427687,0.7397837636427687,0.5063980144292628,0.5039271521187499,0.5183358921260812
max,0.709804726432288,0.8999753497898293,0.8999753497898293,0.5922354312515897,0.5662313986175549,0.5787611133473852
kurt,0.20397369946042776,0.8728794744385491,0.9034161074043712,-1.137228924204739,-1.0349889771416887,-1.0084353870154943
skew,-0.5174542723801259,0.20356027179496272,0.17863011207856772,-0.3958858835772867,-0.3178641705464314,-0.35008189476183005
