,Sharpe,Markowitz s.a ret 0.001,Markowitz s.a ret 0.01,Markowitz s.a. riesgo 0.20 ,Markowitz s.a. riesgo 0.25 ,Markowitz s.a. riesgo 0.30 
count,114.0,114.0,114.0,114.0,114.0,114.0
mean,0.5863134673042874,0.7101508701965765,0.7098852197332283,0.3782545172319268,0.396789059765947,0.4221426544049283
std,0.064759693800937,0.06683804838384956,0.07054608325152771,0.12148775734363552,0.12969807437717318,0.11308864854090081
min,0.41524415067001047,0.47600177870415505,0.47623058104696175,0.1207365306026211,0.11237810466795584,0.09632911964294323
25%,0.5458354960681457,0.6688667958993415,0.6687062164528633,0.26798571302596974,0.3027294386871664,0.34296390242758507
50%,0.589550306042933,0.705730648816943,0.705517698476434,0.37799945629767884,0.4152484840226366,0.4332834275742553
75%,0.6214819193474621,0.749545746879583,0.7509643520793733,0.4865229689521484,0.5146631976193174,0.5196429813561074
max,0.7720773855297215,0.8858269398956514,0.8858269398956514,0.5752716303161187,0.5831592357382727,0.5818731483476818
kurt,0.31126190004682464,0.9394291640976928,0.7376547922812509,-1.2380690591957835,-0.971074995290814,-0.3429053863322853
skew,-0.04458396697407753,0.017980688334175068,-0.13394352748317692,-0.14164473800889144,-0.46552056567780314,-0.5741711754959558
