,Sharpe,Markowitz s.a ret 0.001,Markowitz s.a ret 0.01,Markowitz s.a. riesgo 0.20 ,Markowitz s.a. riesgo 0.25 ,Markowitz s.a. riesgo 0.30 
count,114.0,114.0,114.0,114.0,114.0,114.0
mean,0.5777578275175781,0.7103354985525422,0.7102531486209263,0.3881547876097067,0.4057032177614749,0.38043423420624795
std,0.07051327065032821,0.07819704297321618,0.0784431774327556,0.1178278223038173,0.11618514014720109,0.10966474292701382
min,0.3684328609695591,0.5206307863662417,0.5206395046975438,0.09168173959535825,0.1088959104939448,0.04513404175791615
25%,0.5386018703126001,0.6647809296037768,0.6651818892202263,0.30104350090535414,0.3223914163048532,0.30330011132603096
50%,0.5866958118827019,0.699099950852512,0.6994997059435548,0.3891808699775543,0.4216352101185289,0.3648091223788916
75%,0.630287001370195,0.7508048930081723,0.7508048930081723,0.4916492204519538,0.5008598321130265,0.4795609701249262
max,0.8077752128038351,0.9721930921800442,0.9721930921800442,0.586885592275321,0.5980220921535941,0.6008886087450306
kurt,0.5607175656106378,1.3223432529984707,1.2952657640439882,-0.8288994976448523,-0.51733944857058,-0.4455918380839625
skew,-0.21784006119202878,0.756741599671201,0.7416324704028918,-0.34570384733877013,-0.5511399239716344,-0.03431033296402383
