,Sharpe,Markowitz s.a ret 0.001,Markowitz s.a ret 0.01,Markowitz s.a. riesgo 0.20 ,Markowitz s.a. riesgo 0.25 ,Markowitz s.a. riesgo 0.30 
count,117.0,117.0,117.0,117.0,117.0,117.0
mean,0.5721381177985518,0.7151669427657406,0.7139926713358519,0.37933224709953184,0.4027589600369785,0.4150046236324664
std,0.07319707616170823,0.08553354439979222,0.08602745787264053,0.12808453440831477,0.13108212205114556,0.11910511219741811
min,0.38146424608186835,0.5143397469257281,0.49087843495545674,0.10339660780797783,0.10360109559357376,0.08537903487502445
25%,0.5460513897285185,0.6633347327118,0.6608347044118156,0.2731538484483881,0.3002530064141541,0.3251888060105033
50%,0.5819548108634948,0.6991949647509377,0.697730015987226,0.39493805832670187,0.4357335429106084,0.43791616496164054
75%,0.615648378444192,0.7519485185709451,0.7519485185709451,0.4914652808373389,0.5195591675107133,0.5216683432594965
max,0.7441964659035525,0.9776721226607495,0.9776721226607495,0.5780627188937716,0.5899917626923011,0.5919416796543514
kurt,0.2639691183292254,1.0763698720355137,1.1214109453890018,-1.0986403393560937,-0.9362544715696872,-0.6137868840234173
skew,-0.5729886782290193,0.8570740476435765,0.8055099531572283,-0.3013870256899751,-0.516448791995019,-0.5543317336141937
