,Sharpe,Markowitz s.a ret 0.001,Markowitz s.a ret 0.01,Markowitz s.a. riesgo 0.20 ,Markowitz s.a. riesgo 0.25 ,Markowitz s.a. riesgo 0.30 
count,117.0,117.0,117.0,117.0,117.0,117.0
mean,0.5581633894237523,0.6966754926309948,0.6972525985013042,0.3812989760867802,0.4068631073533063,0.42445430075131013
std,0.0740867235084601,0.08093313931613055,0.08086138540560431,0.11001506318767429,0.11906752069088573,0.10948658373017635
min,0.3464911933503963,0.5142845679770777,0.5058812117579524,0.1436298069298113,0.10234911905589529,0.050151674170040246
25%,0.5149306292836948,0.6550079895753496,0.6554120312351512,0.28343651474668313,0.31917638760829065,0.3435063636682016
50%,0.5602460689041705,0.6881472282870188,0.6883793655226385,0.37554521868966556,0.4333872814715146,0.45056766193930015
75%,0.6217646578188946,0.7290251752725545,0.7290251752725545,0.4873651221386881,0.5106984406848074,0.5140255518354417
max,0.756655639503978,0.987114185633343,0.987114185633343,0.5827770931388688,0.6259385803845424,0.5961131069865534
kurt,0.13220899261658392,2.5326936279334333,2.570424664122786,-1.161920277870145,-0.5215818295060362,0.14917412071844183
skew,-0.31671669909432,1.0026081719799003,0.9733887287081397,-0.0364516069798686,-0.5231103623647092,-0.6497951918990547
