,Sharpe,Markowitz s.a ret 0.001,Markowitz s.a ret 0.01,Markowitz s.a. riesgo 0.20 ,Markowitz s.a. riesgo 0.25 ,Markowitz s.a. riesgo 0.30 
count,117.0,117.0,117.0,117.0,117.0,117.0
mean,0.5817197308757532,0.7129999655459552,0.7130553238692974,0.36678298458455133,0.4052932378395776,0.40013007771077513
std,0.060643154365186774,0.07640700280805368,0.07642996033188107,0.11238824762806195,0.12104115043078928,0.12043853477324906
min,0.4474680958463971,0.5520871397507737,0.5521859772645056,0.1341135606519444,0.06347680225487871,0.061436654868558586
25%,0.5401424722397874,0.667825305190406,0.667825305190406,0.26446562264800194,0.31085325838962574,0.3014250434168805
50%,0.5786464821994947,0.704030390621856,0.704030390621856,0.3701231450230183,0.40411637006334206,0.3987214739784832
75%,0.6217838849108062,0.7456575710633446,0.7456575710633446,0.4654446242760004,0.5166900723184219,0.5185659805028942
max,0.7500311116476704,0.9890178775504194,0.9890178775504194,0.5785412928125023,0.5892376064299769,0.5895417961149906
kurt,0.16214267512784541,2.186547087023718,2.1780992107947625,-1.0987731228752682,-0.7700363362414162,-0.8359884134315787
skew,0.21695666836791228,1.1479547714946632,1.1456827698298593,0.11145864781174106,-0.3987462502203294,-0.3211427187972934
