,Sharpe,Markowitz s.a ret 0.001,Markowitz s.a ret 0.01,Markowitz s.a. riesgo 0.20 ,Markowitz s.a. riesgo 0.25 ,Markowitz s.a. riesgo 0.30 
count,111.0,111.0,111.0,111.0,111.0,111.0
mean,0.5908999872226517,0.7336610860972261,0.7267643828879754,0.3613762992883901,0.3815743926901617,0.4017773613839703
std,0.07150232201100058,0.08128398459632101,0.09910685592354693,0.11508785473626983,0.1204071549163652,0.11566520553379393
min,0.40182925812616654,0.41427521420397106,0.27756299259298894,0.10793868646948251,0.07592409386579875,0.10994438986328411
25%,0.5495319872438128,0.6824790991130143,0.6819935197075733,0.2873912885672204,0.2937367944597723,0.32481620774346975
50%,0.5896198940757488,0.7217871499999691,0.7213012174262043,0.37591225490977553,0.40195036060674794,0.4186075355342128
75%,0.6348307080559946,0.7829376633045999,0.7829376633045999,0.4517516696715788,0.475752302519572,0.5063932533298929
max,0.8143041644336796,0.9392659093482789,0.9392659093482789,0.5594323752336439,0.5657234280892577,0.5789533257608309
kurt,0.6507195337162388,1.6520230990732219,5.370016161468948,-0.9479408738165698,-0.8045756151636856,-0.4268410442543198
skew,0.04146566078927267,0.003298719106281178,-1.2773480342541466,-0.20719235062711594,-0.3695982928405048,-0.5321212752967651
