,Sharpe,Markowitz s.a ret 0.001,Markowitz s.a ret 0.01,Markowitz s.a. riesgo 0.20 ,Markowitz s.a. riesgo 0.25 ,Markowitz s.a. riesgo 0.30 
count,111.0,111.0,111.0,111.0,111.0,111.0
mean,0.577339390025973,0.7269727704943912,0.7255520244348472,0.36275458457554555,0.38473026462017823,0.39917942494884706
std,0.07176207535157567,0.08665287008609322,0.08732680023293711,0.1280898300607882,0.1228093860616883,0.11664477677368713
min,0.35991441858701745,0.3722562492573494,0.3725545492263556,0.11618564138855918,0.07408747285334141,0.10664208581056216
25%,0.5344433345637084,0.6851090216045482,0.6805645499504103,0.25369565303806557,0.28903821904155946,0.31234662920933776
50%,0.5732165754297368,0.728215871398849,0.728215871398849,0.35342079421615424,0.3924858640963142,0.42116292986744386
75%,0.6246596329198365,0.781191749611359,0.7811384758521991,0.482041648258702,0.4982549989210642,0.5012338689756412
max,0.755037037254544,0.9388328972732931,0.9388328972732931,0.5652943845954143,0.5846603115571916,0.5723645338227519
kurt,0.3645685784615904,2.1305468774392167,1.934998719488267,-1.3378690728246876,-0.7455685413192481,-0.6009572659466644
skew,-0.11825375129843652,-0.629809198269344,-0.6036552109034842,-0.1384979196271269,-0.42546454679666806,-0.522360818378086
