,Sharpe,Markowitz s.a ret 0.001,Markowitz s.a ret 0.01,Markowitz s.a. riesgo 0.20 ,Markowitz s.a. riesgo 0.25 ,Markowitz s.a. riesgo 0.30 
count,111.0,111.0,111.0,111.0,111.0,111.0
mean,0.5866936651028708,0.7290645713068569,0.7302360684671902,0.3560982853022208,0.38538092482994474,0.42251548057177246
std,0.06727854206505925,0.07500257168276156,0.07279199132215687,0.11957481799729819,0.12135600559145299,0.11271536651347283
min,0.37351110800838594,0.5151620894278673,0.5155129164749376,0.09946306188805926,0.08552875492334248,0.08795232537590925
25%,0.5534584035421234,0.6856006852945715,0.6856194670755484,0.26252351720951494,0.28708580806712236,0.3379101007167512
50%,0.5933738999381764,0.7180373499771516,0.7182205958528481,0.3515628373019267,0.391417713636415,0.44074213857947697
75%,0.6245829880604525,0.7733141299721326,0.7735032589443891,0.447807850327179,0.49940586300843537,0.5206893937479341
max,0.7630665982639342,0.9696752875595814,0.9696752875595814,0.5651429696151082,0.5985703383253238,0.5922302826013695
kurt,0.7772836795327263,1.1531808519734734,1.0497494260054876,-1.0850931362557161,-0.8517336504441846,-0.30132011784841906
skew,-0.29956936571237636,0.30051913283039583,0.4869949878935322,0.0204799339234033,-0.24182925731994018,-0.5486339770388394
