,Sharpe,Markowitz s.a ret 0.001,Markowitz s.a ret 0.01,Markowitz s.a. riesgo 0.20 ,Markowitz s.a. riesgo 0.25 ,Markowitz s.a. riesgo 0.30 
count,122.0,122.0,122.0,122.0,122.0,122.0
mean,0.5899923653123257,0.7319545093512906,0.7319897000342119,0.35891878637846675,0.38271289121177604,0.3885317081707595
std,0.06794308743147472,0.08004701865435797,0.08003006227064889,0.11877441657905059,0.12158422780621345,0.13257812658119186
min,0.3876705596225604,0.5092531989317238,0.5092875456409789,0.10063990438842886,0.11085648404509908,0.01715537850399407
25%,0.5460615292912514,0.6811352807104278,0.6811352807104278,0.26431793942861936,0.29116470803421624,0.2847731850784139
50%,0.5950533963041026,0.7168087388103015,0.7168087388103015,0.3604278107702259,0.3773920471561424,0.40592020480528823
75%,0.6320308598569744,0.7727060903266073,0.7727060903266073,0.4705918495000334,0.4851786287014388,0.5099385511763909
max,0.7605475364059594,1.0,1.0,0.5776641632553371,0.5810057761451299,0.6056249287077805
kurt,0.6571499549342601,1.2710784502776997,1.2634524297567804,-1.038722227657363,-0.9309136683164936,-0.7949153417973949
skew,-0.18526133335429498,0.6829408281961683,0.6842890608408722,-0.05642865746417709,-0.26578218759155753,-0.4105624281626818
