,Sharpe,Markowitz s.a ret 0.001,Markowitz s.a ret 0.01,Markowitz s.a. riesgo 0.20 ,Markowitz s.a. riesgo 0.25 ,Markowitz s.a. riesgo 0.30 
count,122.0,122.0,122.0,122.0,122.0,122.0
mean,0.5860495906250986,0.7388533909245543,0.7380126172590443,0.36560808774475106,0.3894656509175307,0.380559852808926
std,0.0788724222212563,0.09200290324586319,0.09440244032989294,0.13035825709812654,0.11793007107150598,0.11966602983077486
min,0.3213202346182906,0.35034452034217484,0.3531124894667941,0.09969856965043306,0.08640704621175145,0.107609080424341
25%,0.5444947400431013,0.6959588916801671,0.6959588916801671,0.24597656330918072,0.2972214449289055,0.29487984143885504
50%,0.5876739591017246,0.7325546754425726,0.7325546754425726,0.3850528643713129,0.42365071970992707,0.3822710549284787
75%,0.6316553390347368,0.7880897721285941,0.7880897721285941,0.47542901527027925,0.48489329082327726,0.478635626204152
max,0.7889672930525318,0.9784250345160919,0.9784250345160919,0.5819694560623134,0.5833280047008782,0.5881207953994981
kurt,0.878638385169511,2.1571291498866803,2.402013725712558,-1.2535825845545827,-0.5751570885761241,-0.8676320008923875
skew,-0.4804618392500982,-0.32595286480343255,-0.474505116271604,-0.27636382715018337,-0.5010412152558724,-0.24199061940732794
