,Sharpe,Markowitz s.a ret 0.001,Markowitz s.a ret 0.01,Markowitz s.a. riesgo 0.20 ,Markowitz s.a. riesgo 0.25 ,Markowitz s.a. riesgo 0.30 
count,122.0,122.0,122.0,122.0,122.0,122.0
mean,0.5923678994899401,0.7426564723997331,0.7431146229317016,0.3879975688929831,0.37515663864572973,0.3686678153856458
std,0.06376371427246087,0.09211786489295762,0.08895036985551162,0.12155741564400693,0.1238190252784057,0.1276243448482427
min,0.415348265863713,0.39683606790359427,0.48140907973780744,0.07524171576221723,0.08101075718579792,0.10267151504295051
25%,0.5539025504155584,0.6935129353638267,0.6916443870087032,0.2955497531200093,0.2829916613858984,0.2827223028159025
50%,0.593942897994322,0.7339149548873113,0.7336795700971775,0.40232720406607636,0.36388266731720526,0.36300008826207997
75%,0.6423561522104885,0.7825981933097532,0.7823287045394812,0.4964613749193662,0.4841520240161268,0.48754544965544044
max,0.7420993552868256,0.9738904092562066,0.9738904092562066,0.5750309563720305,0.5640837728969742,0.5680777998818184
kurt,0.35454998027330786,1.8870240598591765,0.8720943710766718,-0.9261576027161258,-0.8711759681810607,-0.9161514979799468
skew,-0.422992159625905,-0.10416449102056655,0.25309184327208645,-0.36927622741046123,-0.26085776127481375,-0.1594882124056404
