,Sharpe,Markowitz s.a ret 0.001,Markowitz s.a ret 0.01,Markowitz s.a. riesgo 0.20 ,Markowitz s.a. riesgo 0.25 ,Markowitz s.a. riesgo 0.30 
count,81.0,81.0,81.0,81.0,81.0,81.0
mean,0.5725558972575335,0.7204632036028158,0.7187027957508895,0.39528993817917035,0.41273759789730763,0.41417729206873577
std,0.06541052768150304,0.06964578524905404,0.07153984488707588,0.11577453928261008,0.11392277155037166,0.12552873552318083
min,0.39127552755226813,0.5619995212374744,0.5619995212374744,0.14784988262980106,0.1776985178813832,0.08280074551995982
25%,0.522745653522197,0.6840045950227582,0.6809051816232186,0.29063118557816114,0.30651563407906224,0.3143689297304644
50%,0.5796135827399483,0.702981678049548,0.702981678049548,0.4023940845605883,0.4156776208206794,0.42140583224194994
75%,0.6140283722213862,0.7405597612442952,0.7405597612442952,0.4986236887925725,0.5124923144738878,0.5406383104828992
max,0.7051257642826873,0.9966518459188484,0.9964515147896748,0.5804772142237096,0.6054397487297438,0.5817441364774225
kurt,-0.21275656665809972,3.568422809482506,3.259339078586354,-0.929652388694632,-1.1543315315094929,-0.6586599032464275
skew,-0.25499951902208856,1.449065332242363,1.2910199720034252,-0.2758964956237527,-0.18991841280052285,-0.43980819287041767
