,Sharpe,Markowitz s.a ret 0.001,Markowitz s.a ret 0.01,Markowitz s.a. riesgo 0.20 ,Markowitz s.a. riesgo 0.25 ,Markowitz s.a. riesgo 0.30 
count,81.0,81.0,81.0,81.0,81.0,81.0
mean,0.596581717565735,0.7229131432572786,0.7226431106038644,0.4120912540810188,0.40463632303275326,0.4061508630727072
std,0.06596604941777764,0.08106433952263704,0.08153359286190198,0.12532063477109687,0.1365764991153745,0.12823540656553498
min,0.426967671194755,0.4025466309557176,0.3963629113113988,0.1453229273004995,0.026716564710657323,0.10955906263010062
25%,0.5583147929982953,0.6819115335851913,0.6819115335851913,0.3153405831656636,0.30466302020318675,0.29779548303655173
50%,0.5963779813697629,0.7106426180143237,0.7106426180143237,0.4494075824148495,0.4028304909655827,0.4289148741431975
75%,0.6348003760366889,0.7672407361030037,0.7672407361030037,0.5137894816640396,0.5318794787886075,0.5308430667145061
max,0.7557880490582511,0.9352268535192761,0.9352268535192761,0.5847075635552431,0.5923779224867354,0.5789672917614266
kurt,0.06168899362027025,3.1197505466248696,3.2379292380187294,-0.8920583562318143,-0.6373371125430674,-1.066402877380653
skew,-0.16115483591459645,-0.5513587905362336,-0.58416082841323,-0.6057570638520373,-0.5099265578475116,-0.3528823578265029
