,Sharpe,Markowitz s.a ret 0.001,Markowitz s.a ret 0.01,Markowitz s.a. riesgo 0.20 ,Markowitz s.a. riesgo 0.25 ,Markowitz s.a. riesgo 0.30 
count,81.0,81.0,81.0,81.0,81.0,81.0
mean,0.5755786611121742,0.7138593650342444,0.7124689668470543,0.3692148067480519,0.3807264311576037,0.425937101643571
std,0.06990688698227589,0.08286224317017943,0.08469278913966789,0.10970762934783458,0.12079033771071772,0.10960181932796563
min,0.414428301188399,0.5912075180423108,0.5326302688520739,0.1146637917933266,0.09795524754442914,0.13499374094752226
25%,0.5208069108066504,0.6557504965041747,0.6554886426268423,0.2891101123316753,0.29427269178869814,0.3411511915023877
50%,0.584206473726683,0.6959285029792961,0.6959285029792961,0.3802810487677402,0.37036078715872217,0.4509366340026564
75%,0.6250265504418179,0.7510428930861082,0.7510428930861082,0.444767566731568,0.4881104638539502,0.5109859063051517
max,0.7191722308455258,0.9750689685179031,0.9750689685179031,0.5807749496685002,0.5773745293770032,0.6057142452297247
kurt,-0.568921293415174,1.4436016576700137,1.3237604352104997,-0.806997981102823,-0.9273349987965513,-0.0892735979551671
skew,-0.18894276746148758,1.1540391944233477,0.9814497338863842,-0.1433515676503753,-0.25071485097938023,-0.7726814588427788
