,Sharpe,Markowitz s.a ret 0.001,Markowitz s.a ret 0.01,Markowitz s.a. riesgo 0.20 ,Markowitz s.a. riesgo 0.25 ,Markowitz s.a. riesgo 0.30 
count,108.0,108.0,108.0,108.0,108.0,108.0
mean,0.5737107484441629,0.7114571923886788,0.7115784347916888,0.39011800937609964,0.3833157514287826,0.40743237731625603
std,0.07473371433252633,0.07879579993009107,0.07880248154021273,0.11685312866455254,0.12709982556935745,0.10881600272160044
min,0.39468384254802397,0.5537103540250821,0.5519219340827993,0.12061163873360858,0.08556847043582415,0.03279754857121046
25%,0.5282337754342874,0.6654028933213508,0.6654028933213508,0.30428753107644163,0.2952920691651108,0.3272470776054618
50%,0.582725340598444,0.7044923280240059,0.7044923280240059,0.40502460702109666,0.4180239129877331,0.4285816091395245
75%,0.6198821120502416,0.7464380173022488,0.7464380173022488,0.4868776118007765,0.4855373886959242,0.5005250155031735
max,0.7564757214251626,0.9831885433151821,0.9831885433151821,0.5812069246157701,0.5789794734458811,0.5717108050315041
kurt,-0.08408969722930726,1.1012126852824022,1.10205830161888,-0.8468305761148684,-0.7809943555493364,0.06933943234797191
skew,-0.3962682219300399,0.7435541254036975,0.7351970979436439,-0.4131636045631272,-0.5762742435037135,-0.688345212050884
