,Sharpe,Markowitz s.a ret 0.001,Markowitz s.a ret 0.01,Markowitz s.a. riesgo 0.20 ,Markowitz s.a. riesgo 0.25 ,Markowitz s.a. riesgo 0.30 
count,108.0,108.0,108.0,108.0,108.0,108.0
mean,0.5759451390994802,0.7059334655251684,0.7051502416278084,0.3935184438616517,0.4016656866368403,0.4042355054688922
std,0.06389276631107912,0.06389740648155101,0.06437082320579075,0.10949906142533815,0.11303879668190045,0.11303946157811189
min,0.40854895136736147,0.4951110479320191,0.47743124706132145,0.1099933903100969,0.16003777825001433,0.11854248107942691
25%,0.5315161760157252,0.6717014710787456,0.6715767795594538,0.3028464359960957,0.3175761604965795,0.3257754783339827
50%,0.5798187146693958,0.7026661598047839,0.7016690595525192,0.3952272337279269,0.38835459410600104,0.4002469831486627
75%,0.6186257503717691,0.7317015545540393,0.7312255713342343,0.4961162780336058,0.5041380241779233,0.5120581240093531
max,0.7570728905789467,0.8670077950733098,0.8670077950733098,0.5858464554081326,0.5824945937332002,0.5809128521204986
kurt,0.4366749141603754,1.5913455874214937,1.8260625499536176,-0.7110348698249389,-1.0422569068252598,-0.8910264771519105
skew,0.058530245442887194,-0.05465909545203297,-0.1028039188317723,-0.1767380178069263,-0.16930504437490967,-0.23280028673449008
