,Sharpe,Markowitz s.a ret 0.001,Markowitz s.a ret 0.01,Markowitz s.a. riesgo 0.20 ,Markowitz s.a. riesgo 0.25 ,Markowitz s.a. riesgo 0.30 
count,108.0,108.0,108.0,108.0,108.0,108.0
mean,0.5859534948443389,0.7122311941689875,0.7119517348208847,0.37120622662745645,0.39902379202000204,0.4108246013706897
std,0.06636761169316457,0.07163862572925715,0.07102520250978764,0.12446798472583137,0.12266340746272546,0.11318176216420851
min,0.4059006941329064,0.5006147219084172,0.5090579785747149,0.06812980718701334,0.13734904367501252,0.10929986025724554
25%,0.5517992079164121,0.6765434338275097,0.6761667137639811,0.26329248180557024,0.30846637683510786,0.31335364166701
50%,0.5906443228500243,0.7087689480578094,0.7049342007773197,0.37776247920816725,0.40509888666629335,0.4241665848107238
75%,0.6350917001353051,0.7359790702787123,0.7334380470071008,0.4804852245059761,0.5100445010876138,0.5072683828739645
max,0.7226009693960036,0.964266965157425,0.964266965157425,0.5844692358673824,0.5874934095901064,0.5785752158808615
kurt,0.01053837204531316,3.726591747072296,3.8631952652510377,-1.0058056459731577,-1.0239810739448751,-1.098934174220111
skew,-0.48064516689801057,1.0360050560089296,1.1130399680874623,-0.16078060147493586,-0.40377811132703784,-0.2697500287356574
