,Sharpe,Markowitz s.a ret 0.001,Markowitz s.a ret 0.01,Markowitz s.a. riesgo 0.20 ,Markowitz s.a. riesgo 0.25 ,Markowitz s.a. riesgo 0.30 
count,172.0,172.0,172.0,172.0,172.0,172.0
mean,0.51663021143196,0.6290915522574163,0.6292747755275403,0.3673435970809607,0.40770018713550366,0.4734567608932316
std,0.05739130272599322,0.041948870259902335,0.04057792909224169,0.11267521481268185,0.11009656339083244,0.08235111299872915
min,0.35592526551867426,0.3243381021261007,0.35681608478964905,0.16598606813193686,0.1546244356775285,0.2679194526337045
25%,0.4907438066546942,0.6108002170497052,0.6108002170497052,0.2624564234671132,0.31870993565737515,0.40938926873700504
50%,0.5239152513328409,0.6315504705904088,0.6315504705904088,0.3762779465274573,0.413940296307175,0.4849265039948183
75%,0.5579646997242889,0.6528748786451586,0.6530539327297973,0.46241120438338823,0.5018748099733946,0.5428588961487655
max,0.6434425384062714,0.7193460597514523,0.7193460597514523,0.6083484753552518,0.6039594750985218,0.6144315196553181
kurt,0.17811385997027962,15.86224040318921,11.568964268997412,-1.1694477978489424,-1.0100124217386544,-0.6457161573743133
skew,-0.6945305212673588,-2.4440675942617323,-1.990830045920643,0.0031110611611471304,-0.164245517695758,-0.4943085767899917
