,Sharpe,Markowitz s.a ret 0.001,Markowitz s.a ret 0.01,Markowitz s.a. riesgo 0.20 ,Markowitz s.a. riesgo 0.25 ,Markowitz s.a. riesgo 0.30 
count,172.0,172.0,172.0,172.0,172.0,172.0
mean,0.5262236479213631,0.6282886753780712,0.6269774145625115,0.3776608277819085,0.41572525212063954,0.457418272682304
std,0.0588558568124043,0.041508861247570354,0.044552401388726494,0.11464891211146311,0.10257687851003344,0.09289035970665807
min,0.3162179165249652,0.4694981659661596,0.4326245501866571,0.14551319738322724,0.1428883715357148,0.1902621776766393
25%,0.5014552066755933,0.6034805455124301,0.6036154392408587,0.26929646108134575,0.33406938107103007,0.3852893124996457
50%,0.5342987406524289,0.6317562404487096,0.6309185132497469,0.38369261024261087,0.4209191514044261,0.44668940123654344
75%,0.563787987231843,0.6558343617848004,0.6558343617848004,0.4750592756449983,0.5013737924046616,0.5427609293606069
max,0.6303300232602675,0.7250001034457602,0.7250001034457602,0.5919901747357836,0.6001930112318636,0.6251363957560792
kurt,0.9779380693601527,1.1843326283158784,2.608624253205234,-1.1406169104937631,-0.8955988756993829,-0.8928645807311244
skew,-0.8681093370420917,-0.6912859772833447,-1.0594367586086604,-0.14120058261761845,-0.24963153458960569,-0.16225940777951642
