,Sharpe,Markowitz s.a ret 0.001,Markowitz s.a ret 0.01,Markowitz s.a. riesgo 0.20 ,Markowitz s.a. riesgo 0.25 ,Markowitz s.a. riesgo 0.30 
count,172.0,172.0,172.0,172.0,172.0,172.0
mean,0.5250761194357025,0.6378911248147385,0.6374326902487745,0.3825347981942087,0.42330949744767926,0.44886564401325185
std,0.05542518090568964,0.04071168928992725,0.04148301041055534,0.11358961722525196,0.11051803341100461,0.09073391010071297
min,0.35962049799734264,0.47990758030742453,0.4798508936917596,0.1621471361352415,0.18676644684651175,0.2387714132544827
25%,0.4950173050793968,0.6095137887115376,0.6095137887115376,0.2927871041842074,0.3410246515038432,0.3668527475862102
50%,0.5349952196895894,0.6405725052766902,0.6405725052766902,0.3884105956487137,0.44573182145306,0.4604387379881195
75%,0.5683447322902277,0.6654996549984349,0.6654996549984349,0.48387951394785755,0.5201831012595737,0.5305479634616481
max,0.6327925397216249,0.7422282048324799,0.7422282048324799,0.5848361421552942,0.5951501791102536,0.6062007874240136
kurt,-0.020734648580890358,0.9181653926535418,0.9045580278278118,-1.195896494805153,-0.9366825393003335,-1.1697709192154113
skew,-0.6803600786618594,-0.5514710771496292,-0.5960888603971919,-0.15949536877694748,-0.4307661119339954,-0.13099668643059842
