,Sharpe,Markowitz s.a ret 0.001,Markowitz s.a ret 0.01,Markowitz s.a. riesgo 0.20 ,Markowitz s.a. riesgo 0.25 ,Markowitz s.a. riesgo 0.30 
count,158.0,158.0,158.0,158.0,158.0,158.0
mean,0.5351972242634058,0.6500455995064893,0.6494404785483787,0.3937769065127939,0.43295737763109476,0.45715012119934234
std,0.058854513516912815,0.0386044407568358,0.04033836498977042,0.11891252848086739,0.10769091270343663,0.0923446856721578
min,0.27503616878113163,0.5097316234745729,0.48554933025009916,0.1636174400751953,0.1833065561606337,0.2657241469873754
25%,0.508154462174063,0.6303013576502176,0.6303013576502176,0.3023638464055581,0.34428476248945045,0.382097287989265
50%,0.5485756738793459,0.6523419778795758,0.6523419778795758,0.409051584681414,0.45161848151126993,0.4620277362341568
75%,0.5715750880771732,0.6754796055200597,0.6754796055200597,0.49362168753333596,0.5348427958458191,0.5413241030443948
max,0.6741040013817888,0.7415195514704659,0.7415195514704659,0.5931649372299886,0.6119323563854252,0.599256245499895
kurt,2.4598159636108115,1.2951043288517168,2.4074402848639815,-1.1468360411921417,-1.025982163787401,-1.1724268675568603
skew,-1.190010310645758,-0.7154574111774296,-1.0057201169805141,-0.2493640291862215,-0.40965224523947197,-0.2503052946667892
