,Sharpe,Markowitz s.a ret 0.001,Markowitz s.a ret 0.01,Markowitz s.a. riesgo 0.20 ,Markowitz s.a. riesgo 0.25 ,Markowitz s.a. riesgo 0.30 
count,158.0,158.0,158.0,158.0,158.0,158.0
mean,0.5394500924276182,0.6491326265569252,0.6479952712534465,0.39176003030311385,0.4220746017834116,0.44895284852155193
std,0.04869592224999591,0.042384171667366716,0.04477833119225784,0.11605038872262403,0.10978905355205086,0.09369349170001669
min,0.4004601605911835,0.5131948936145762,0.49581286860468443,0.1532145097439665,0.18893958053239512,0.2511781056850195
25%,0.5099764209939172,0.6263623708728225,0.6247383340937284,0.29833000138266846,0.3296613431870697,0.36809224509722704
50%,0.5482019415208828,0.6528752016091887,0.6528752016091887,0.3992973921248953,0.44786490302815163,0.46021584062300613
75%,0.5746986669492511,0.6789588649561517,0.6789588649561517,0.48416379988320857,0.5143680225784266,0.5310809883084396
max,0.6519898139356449,0.7289982272178426,0.7289982272178426,0.6020643175896794,0.5906984033105445,0.6031323843387245
kurt,0.10850529705353962,0.7134341003936995,1.1394095269168094,-1.0311155865090784,-1.0839957460474416,-1.122332499730279
skew,-0.5331344962870359,-0.7062199278944833,-0.8893356900626967,-0.18943262399856553,-0.3493085643430782,-0.3087865597321995
