,Sharpe,Markowitz s.a ret 0.001,Markowitz s.a ret 0.01,Markowitz s.a. riesgo 0.20 ,Markowitz s.a. riesgo 0.25 ,Markowitz s.a. riesgo 0.30 
count,158.0,158.0,158.0,158.0,158.0,158.0
mean,0.5320855174645827,0.646375727604094,0.6462094394650186,0.3915929641084862,0.430207913351113,0.45034364550908174
std,0.057090765352583,0.042650524847587974,0.04304291918541211,0.11610012509217936,0.10297675436700061,0.08964982675645122
min,0.3663929895197491,0.4901033314531746,0.48141715487568504,0.1797010134116246,0.15628815605396382,0.27896944146370545
25%,0.5015332130550186,0.6269587715379985,0.6269587715379985,0.29762071793025413,0.34884268745000657,0.37666520848414947
50%,0.5373925764919243,0.6512311527666528,0.6512311527666528,0.4044314812436062,0.4436574275985179,0.46016079020601053
75%,0.5707069917696503,0.6722790509956287,0.6722790509956287,0.4863309021784446,0.5154554892854848,0.528476473124843
max,0.6366718044939553,0.7233444918042135,0.7233444918042135,0.576993399634033,0.5844586976315863,0.592224542022978
kurt,0.22190418633087372,2.1620191668326125,2.2698845406532957,-1.12479126244227,-0.7306816125480102,-1.1280455724994423
skew,-0.6518578471306865,-1.0776179824942718,-1.0936664778420968,-0.241768473329395,-0.4838484751641491,-0.20550856651899205
