,Sharpe,Markowitz s.a ret 0.001,Markowitz s.a ret 0.01,Markowitz s.a. riesgo 0.20 ,Markowitz s.a. riesgo 0.25 ,Markowitz s.a. riesgo 0.30 
count,190.0,190.0,190.0,190.0,190.0,190.0
mean,0.5214766958604826,0.6383213920841303,0.6381716788696846,0.38700726713015093,0.4108074427283939,0.45246707103509815
std,0.06408887778272174,0.049567564625882736,0.051173798585487776,0.11294743526562366,0.10564424968674084,0.09303548633584548
min,0.33845282304672225,0.36910038284751606,0.3408920264344178,0.16663360615473222,0.19096465444716554,0.21214784823696883
25%,0.48867940720378766,0.6131538606120578,0.6133406881471599,0.2892770951795417,0.3284329332974526,0.38074425144367313
50%,0.5356641276989835,0.6423573182075701,0.6423573182075701,0.3897499425355616,0.4178702631185856,0.4575131135447227
75%,0.5689489345039908,0.6690212572648295,0.6695916456058283,0.4909103570181483,0.49840569433954124,0.529868208615341
max,0.6415471814133727,0.783954888538942,0.783954888538942,0.5760555404242741,0.600038282429106,0.627662175664466
kurt,-0.05271684593587311,5.022910145466415,6.797754728751091,-1.261595662644717,-0.9930066292796678,-0.7245734523538174
skew,-0.6889907689448472,-1.231369158174791,-1.5351570534811572,-0.17123193125313996,-0.23567230841177356,-0.34830483394937145
