,Sharpe,Markowitz s.a ret 0.001,Markowitz s.a ret 0.01,Markowitz s.a. riesgo 0.20 ,Markowitz s.a. riesgo 0.25 ,Markowitz s.a. riesgo 0.30 
count,190.0,190.0,190.0,190.0,190.0,190.0
mean,0.5249140008498854,0.6414338835910518,0.6402912416207476,0.3851058049039562,0.40773566550221335,0.461736589458485
std,0.059150723123326386,0.04674880859749956,0.04959739588889237,0.12169544062951104,0.11005928707760423,0.09797763578882923
min,0.36726983096349514,0.4464318264874792,0.37906447923258724,0.13863134390168555,0.16456381374948162,0.22455817254785027
25%,0.49869160577789007,0.6239910348106198,0.6227848452160932,0.27966475037315885,0.3097156314094085,0.386764119419009
50%,0.5344861588723657,0.6436525396588543,0.6436890016024104,0.3915514566680254,0.42612291970308824,0.4789288219810697
75%,0.5638940645065648,0.6674120284978928,0.6674120284978928,0.49905217006433633,0.5032043773552352,0.547574157946582
max,0.6481997858650367,0.7544444573318831,0.7544444573318831,0.6449110439971621,0.6269977992382424,0.6279743152542046
kurt,0.10902117848039472,2.5612278900074528,4.809077765811688,-1.32534476609473,-1.041461860425878,-0.8138371977532706
skew,-0.6340183869586019,-0.9307952931262757,-1.3257244492875553,-0.11868176713352518,-0.22148740314844545,-0.45040680273352274
