,Sharpe,Markowitz s.a ret 0.001,Markowitz s.a ret 0.01,Markowitz s.a. riesgo 0.20 ,Markowitz s.a. riesgo 0.25 ,Markowitz s.a. riesgo 0.30 
count,190.0,190.0,190.0,190.0,190.0,190.0
mean,0.5235727839771055,0.6357438952473893,0.6363423696143632,0.377196252652529,0.4091021994261755,0.4564033687003805
std,0.06255238975064549,0.04983474987422318,0.048379133529571884,0.11002616634817781,0.10952459801474475,0.09103997592290247
min,0.32677670765294226,0.42139372631296246,0.413102944768686,0.14873501770547187,0.1839504266914227,0.23991420452107373
25%,0.48384814221574446,0.6163314393997619,0.6163314393997619,0.27557985805452306,0.3139583936173852,0.38394599041403105
50%,0.5321483883348929,0.6377177040664943,0.637871631436153,0.38800384331096316,0.4122043793797815,0.46351708354163845
75%,0.5697536603700829,0.664946687241986,0.664946687241986,0.47330309793197367,0.5078207551046952,0.5319499704395072
max,0.6632565979847246,0.7590275778544139,0.7590275778544139,0.6327601021362304,0.6455778441912431,0.6099393736859134
kurt,-0.021400571726164497,3.742739331081838,3.6093829394685746,-1.15136016517059,-1.1244786380492122,-0.9831176669030901
skew,-0.6293068349647635,-1.308769026550411,-1.2118566191907854,-0.14673799495147327,-0.12260028577748133,-0.30397167068564374
