,Sharpe,Markowitz s.a ret 0.001,Markowitz s.a ret 0.01,Markowitz s.a. riesgo 0.20 ,Markowitz s.a. riesgo 0.25 ,Markowitz s.a. riesgo 0.30 
count,189.0,189.0,189.0,189.0,189.0,189.0
mean,0.526695788210081,0.6441702881331588,0.6451653969834731,0.3731721567857849,0.41240973353636207,0.45382475320125754
std,0.054185764611929636,0.04484414175173188,0.04249686726681493,0.1108137695977525,0.10591187811206614,0.0962983217396912
min,0.37838402128641857,0.4621970030973024,0.48563513575712913,0.15667872930721147,0.14233007671282827,0.182812784504661
25%,0.4977592966461584,0.6237904456250254,0.6248808405981959,0.2746568669273285,0.32330410206581905,0.3894275539308711
50%,0.5346003260133674,0.6459429648480328,0.6459429648480328,0.37908074789356944,0.42304116034350536,0.47079438898949333
75%,0.5634491816556513,0.6670740207988722,0.6670740207988722,0.4759629218870246,0.5072313402288576,0.5378656686274962
max,0.6447498491212401,0.777276510155227,0.777276510155227,0.5986120527441203,0.5813832665163664,0.593657618463245
kurt,0.043847675860036794,3.039053349209866,2.2088579618356063,-1.17171027665982,-0.984016556933446,-0.4501482322019603
skew,-0.5946732057806688,-0.8535635071884361,-0.5598046259916649,-0.046711176181248044,-0.24168630585303144,-0.6209087690145726
