,Sharpe,Markowitz s.a ret 0.001,Markowitz s.a ret 0.01,Markowitz s.a. riesgo 0.20 ,Markowitz s.a. riesgo 0.25 ,Markowitz s.a. riesgo 0.30 
count,189.0,189.0,189.0,189.0,189.0,189.0
mean,0.5246634216076261,0.6394366815043834,0.6397242850574921,0.39043040823376784,0.40513158610289257,0.45805373644742636
std,0.05825427033084424,0.049675999755415326,0.04810340311300469,0.11599013913170751,0.10828752306385803,0.0997329135265668
min,0.34955638111914245,0.3600932544515209,0.38858862180086673,0.17209046590183327,0.17888465811993656,0.18526823516851165
25%,0.48819048059636283,0.6224605705450572,0.6224605705450572,0.29036851001916153,0.3167247793635339,0.3733501173086486
50%,0.5338637902676003,0.6443097888799114,0.6443097888799114,0.40271591479786245,0.4094981202154707,0.4745370676994818
75%,0.5649317376357069,0.6655439563476716,0.6655439563476716,0.5002172870960606,0.5007374937207435,0.5454542450544609
max,0.6536793333120999,0.7362268623029993,0.7362268623029993,0.591519410617935,0.6522813844284803,0.6124899300318442
kurt,0.19117792231001118,12.087627131277218,10.202019576844046,-1.2938790496382255,-1.1194907862900823,-0.8034515535556186
skew,-0.6609099707182868,-2.565939004285255,-2.3033129516816393,-0.24102866162800932,-0.023012561793533712,-0.4549957972172378
