,Sharpe,Markowitz s.a ret 0.001,Markowitz s.a ret 0.01,Markowitz s.a. riesgo 0.20 ,Markowitz s.a. riesgo 0.25 ,Markowitz s.a. riesgo 0.30 
count,189.0,189.0,189.0,189.0,189.0,189.0
mean,0.5260169861949998,0.6385918009443036,0.6404119349409083,0.3914589498569024,0.4146606168067521,0.44714255830745114
std,0.05968916232951365,0.0537857224946706,0.048925425023920346,0.11387560283881992,0.10605575140865586,0.09678126250302548
min,0.3864338942637109,0.3475548075292016,0.35439966337569884,0.15596069115787056,0.1409289851410842,0.23468405488030922
25%,0.4941592111083724,0.6171832017612192,0.6187732087528488,0.29355053553527427,0.3270109671582518,0.3704401995834652
50%,0.5353127229344224,0.6430666763120019,0.6430666763120019,0.39970256649997704,0.41328586405627915,0.4504167613731253
75%,0.5640513569848995,0.6668062709440432,0.6668062709440432,0.48825524676883714,0.5071496445410312,0.5347309147220904
max,0.6559411931347774,0.7596429927495958,0.7596429927495958,0.6105975154074714,0.606571429117676,0.6111668698369741
kurt,-0.20819621293982538,10.074968026015567,10.419817824529439,-1.134136294002473,-0.9335956856355145,-1.1365841618822283
skew,-0.4213448418080777,-2.238032828177238,-1.9880873139793618,-0.07477389149919113,-0.19738878102193144,-0.1619890142275511
