,Sharpe,Markowitz s.a ret 0.001,Markowitz s.a ret 0.01,Markowitz s.a. riesgo 0.20 ,Markowitz s.a. riesgo 0.25 ,Markowitz s.a. riesgo 0.30 
count,103.0,103.0,103.0,103.0,103.0,103.0
mean,0.5842913616330595,0.7144321870502826,0.713333232361332,0.366915614689243,0.3892261432168015,0.41922459552580954
std,0.06036985149767645,0.07695902742600264,0.07902599028908575,0.1261450749704982,0.1263540083969708,0.11166743810366836
min,0.38633493781452294,0.5632046995198113,0.5140685146347665,0.13848838819635997,0.07498135723997232,0.11256987278436976
25%,0.5479206954357723,0.6620571504913968,0.6620571504913968,0.25690206337223864,0.29024574257200636,0.32976661936444973
50%,0.5868321826711619,0.7064280844421346,0.7064280844421346,0.35997038910530543,0.3961238946583852,0.43686323469283583
75%,0.6265625725565084,0.7540708194946808,0.7540708194946808,0.4852181346371286,0.5073483323172809,0.5179927700379918
max,0.7357380910024134,0.9723718772425797,0.9723718772425797,0.5810535055768034,0.587214932140197,0.5893827968970177
kurt,0.44802188657011,1.1919479000383504,1.2206391858790715,-1.3527083284257961,-0.8149987440068065,-0.7450155606966069
skew,-0.3398060396210705,0.7754235399600989,0.6057259602548817,0.08966358151518854,-0.36523978424614895,-0.4664834592584776
