,Sharpe,Markowitz s.a ret 0.001,Markowitz s.a ret 0.01,Markowitz s.a. riesgo 0.20 ,Markowitz s.a. riesgo 0.25 ,Markowitz s.a. riesgo 0.30 
count,103.0,103.0,103.0,103.0,103.0,103.0
mean,0.5807160281188958,0.7097486285828951,0.7098317195275093,0.3769228754893183,0.40534523489534585,0.3851501501378694
std,0.06952340960716405,0.07735551784475696,0.0772068147360962,0.121943026946901,0.12098007284684135,0.11338011484513862
min,0.42394646345566905,0.5202648683001477,0.5261062671200321,0.11880654384103521,0.11602372493469824,0.12149004362365973
25%,0.5392577227397684,0.6654107079548599,0.6654385549121983,0.2885615095851215,0.31978272437328376,0.3004633577391488
50%,0.581469256568455,0.7029588156966343,0.7031010564637827,0.36758076614093876,0.41258392055233145,0.37862572875920525
75%,0.6303520411087886,0.7389391142708988,0.7389391142708988,0.473742281139241,0.5101926133593964,0.47986879549747136
max,0.745267191943094,0.9730645553024064,0.9730645553024064,0.5925067150089167,0.5937634800228115,0.5810474920617704
kurt,-0.06697690266362155,1.1472036336305358,1.12284644937579,-0.9249263620850603,-0.5630489430968404,-0.8557295883782046
skew,-0.07370934127174071,0.5983288171522994,0.6134679793396367,-0.09383337024660043,-0.5323876486615213,-0.16806361936749323
