,Sharpe,Markowitz s.a ret 0.001,Markowitz s.a ret 0.01,Markowitz s.a. riesgo 0.20 ,Markowitz s.a. riesgo 0.25 ,Markowitz s.a. riesgo 0.30 
count,103.0,103.0,103.0,103.0,103.0,103.0
mean,0.5768385177343842,0.7142957219577954,0.7142841263309992,0.39571120286410466,0.4178097876333511,0.3847739301960681
std,0.06912791837394515,0.08293648182848788,0.08293489830642849,0.10548590279169497,0.11486047659251754,0.12667799522316622
min,0.41360001905301425,0.5062337322550423,0.5055880279083595,0.17126544227891896,0.0874101295677822,0.06576113630422707
25%,0.5419651438840885,0.6755503463070881,0.6755503463070881,0.32193187488946334,0.3143071464948688,0.28793043646348215
50%,0.5906160776678976,0.6990713859670497,0.6990713859670497,0.38731829903436277,0.44480116589887436,0.39354159514575304
75%,0.6214627143579885,0.7346356162506341,0.7346356162506341,0.49233447332252706,0.5132664994442844,0.500809104955594
max,0.7612575283899179,0.9842229649483781,0.9836743197350484,0.5802625578565737,0.5928525193899975,0.5842147759064655
kurt,0.23860356645027814,2.2750424263624893,2.271753207204516,-0.953764500330474,-0.6626022016080215,-0.563757684345263
skew,-0.5021717032914468,1.0718250636310318,1.0687422743591075,-0.21997680158751587,-0.5211461408109033,-0.3736712156037046
