,Sharpe,Markowitz s.a ret 0.001,Markowitz s.a ret 0.01,Markowitz s.a. riesgo 0.20 ,Markowitz s.a. riesgo 0.25 ,Markowitz s.a. riesgo 0.30 
count,108.0,108.0,108.0,108.0,108.0,108.0
mean,0.5750341823679829,0.7092786873772206,0.7113578901939347,0.38977556912690675,0.414850428511983,0.4066349876018955
std,0.0753694858192923,0.07370648132749572,0.07148342846163958,0.11467180012249957,0.10471685528068901,0.12005459314500717
min,0.3585242284956763,0.5233912599058419,0.566149199849221,0.13239041277729802,0.12729724766855688,0.08355028287251079
25%,0.5417737205140917,0.6719212059143498,0.6747615671704851,0.2931111198876108,0.32474784418911223,0.3238787049890338
50%,0.581484633342947,0.7011000495420083,0.7011000495420083,0.4004207388676425,0.41823642798727867,0.4245796608684159
75%,0.6238267984475211,0.73534559205414,0.7373982600037048,0.4889480546778379,0.509441289261903,0.5179332707773117
max,0.7321342892767839,0.9708169524409426,0.9708169524409426,0.5743685336424457,0.5791166230097116,0.5640471586498377
kurt,0.41731777444363116,2.057285490461664,2.117620650471921,-1.1624677455723258,-0.7139254310319649,-0.1264125015863642
skew,-0.5784138429102073,0.9580020237773362,1.1382051294055229,-0.18052258201730753,-0.2894907702058948,-0.6665040904411613
