,Sharpe,Markowitz s.a ret 0.001,Markowitz s.a ret 0.01,Markowitz s.a. riesgo 0.20 ,Markowitz s.a. riesgo 0.25 ,Markowitz s.a. riesgo 0.30 
count,108.0,108.0,108.0,108.0,108.0,108.0
mean,0.5852354949128369,0.7120298081697215,0.7123050765726995,0.4034214110545844,0.38980621994018144,0.40534537288026207
std,0.0602776530100869,0.06648366340599547,0.06608033072217544,0.11689770876181915,0.12948873443857783,0.11598016136760557
min,0.45526267805914894,0.545109833668002,0.5617451658120197,0.17686904377707433,0.09128806322050673,0.08240784702812151
25%,0.5488378733026282,0.6778585487615623,0.6782651218978215,0.2914714570250466,0.29053085368445697,0.31229746483647186
50%,0.5792897991572229,0.7043157424711354,0.7043157424711354,0.39808994160049094,0.39326254064024224,0.42186240170149464
75%,0.6270535404218911,0.7468801751699526,0.7468801751699526,0.5194889191777123,0.5123582897888856,0.5021599134229395
max,0.7291062800150303,0.9531615673671715,0.9531615673671715,0.5848892602143847,0.5889537802247892,0.6023130796473649
kurt,-0.213003235450691,2.0820426362263382,2.0556323650135284,-1.2916593714599316,-1.1073986339851607,-0.7270258946094819
skew,0.11549898012043623,0.8322455118357556,0.8770476525876397,-0.13756645221364397,-0.24378465504579172,-0.3895107014359755
