,Sharpe,Markowitz s.a ret 0.001,Markowitz s.a ret 0.01,Markowitz s.a. riesgo 0.20 ,Markowitz s.a. riesgo 0.25 ,Markowitz s.a. riesgo 0.30 
count,108.0,108.0,108.0,108.0,108.0,108.0
mean,0.5791219105438494,0.7023580431647086,0.7025671853096291,0.38793102995971285,0.40364659172620776,0.412370538155796
std,0.07214873662910898,0.07232060454485428,0.07204957912332588,0.12275907431516944,0.12128966774151348,0.11179137735026742
min,0.3867031762989686,0.5222007146273907,0.5305846787478514,0.15699637484960646,0.11223536493296278,0.15960357891449065
25%,0.5447308461216254,0.6651849523576494,0.6651849523576494,0.290203471067204,0.3019284730277815,0.3219396112809654
50%,0.5862746842017935,0.693409513789594,0.695507528406833,0.391914848670458,0.4415788978310474,0.3997777719020923
75%,0.6221846071784023,0.7308801458489538,0.7308801458489538,0.4922303723942205,0.5058376303925007,0.5180716590313972
max,0.8003672573744184,0.9333003276721464,0.9333003276721464,0.6090934692480057,0.5715473467973868,0.6213656323756012
kurt,0.6215714160464287,1.2556157706397992,1.2324640392567123,-1.152627548294754,-0.7623893590400916,-1.1463423320932347
skew,-0.2373087330763128,0.7013923080565461,0.7238914759290805,-0.12236734874539291,-0.5869182141301815,-0.11817775868938783
