,Sharpe,Markowitz s.a ret 0.001,Markowitz s.a ret 0.01,Markowitz s.a. riesgo 0.20 ,Markowitz s.a. riesgo 0.25 ,Markowitz s.a. riesgo 0.30 
count,170.0,170.0,170.0,170.0,170.0,170.0
mean,0.5616479854931724,0.6845270882512969,0.6871705772995147,0.39003571277246835,0.40287015381362506,0.4153308554860838
std,0.06410338310102033,0.07945687386900797,0.07534317251116482,0.11132810365868577,0.11614150867123678,0.12150890574753916
min,0.34988845890749604,0.35560772396965573,0.3443621365284345,0.1232660632007594,0.10865681815428889,0.06436737235194243
25%,0.5197399150374686,0.6488147416767789,0.6488882779320287,0.288476838417203,0.30585767123115876,0.3289495832931789
50%,0.5629560296479319,0.6791399471694488,0.6792982531557721,0.4055406348039007,0.40349169109961414,0.417208784120234
75%,0.6014468981405128,0.7153138873534166,0.7153138873534166,0.47594229990666476,0.5029947876567723,0.525546585831163
max,0.732323803414993,0.9815820700166107,0.9815820700166107,0.6045424869379399,0.5847076421586352,0.5954260798852435
kurt,0.23457859232860834,3.9147535476318596,4.4663121875122105,-0.852403464029166,-1.0637977271906953,-0.4129382063436857
skew,-0.1976051622285771,0.08169274616134846,0.33073658106373727,-0.26643559868925676,-0.20121687578733485,-0.5325603609342732
