,Sharpe,Markowitz s.a ret 0.001,Markowitz s.a ret 0.01,Markowitz s.a. riesgo 0.20 ,Markowitz s.a. riesgo 0.25 ,Markowitz s.a. riesgo 0.30 
count,170.0,170.0,170.0,170.0,170.0,170.0
mean,0.5668186289079231,0.6940072162131943,0.6942269844199364,0.386196976456989,0.39805537675585234,0.40314326567446396
std,0.0663866352064675,0.06949623219064184,0.06925906288463614,0.11697824094918159,0.12342385370249544,0.11998593995503004
min,0.3716188313147517,0.5277522053194943,0.519819415555234,0.1231501105112232,0.10349965576910815,0.10538727691456262
25%,0.5354421403250975,0.6516063479677945,0.6516063479677945,0.2856550114053772,0.29871910345474895,0.3170968008491702
50%,0.5713550685711437,0.6827062465309068,0.6827062465309068,0.4106773114148013,0.40467364200682787,0.39337821772410586
75%,0.6122895914888685,0.7192842750269086,0.7192842750269086,0.4867381863569977,0.5113101185031736,0.5172650354666082
max,0.7504382002962336,0.8997160759937258,0.8997160759937258,0.5955170504050427,0.6088256350933845,0.6024904718126385
kurt,0.47027944659811016,1.1234840876710286,1.1713593808786,-1.0264760297671183,-0.9217117896327589,-0.7136738323683662
skew,-0.3042639211381687,0.8300007517470847,0.8374902493983024,-0.2951095026700384,-0.24325855624499407,-0.22940923814054925
