,Sharpe,Markowitz s.a ret 0.001,Markowitz s.a ret 0.01,Markowitz s.a. riesgo 0.20 ,Markowitz s.a. riesgo 0.25 ,Markowitz s.a. riesgo 0.30 
count,170.0,170.0,170.0,170.0,170.0,170.0
mean,0.5634747784427067,0.6938922706525681,0.6949042940884086,0.37439607722482593,0.401118544855947,0.41824432069354206
std,0.07260917199010981,0.0788450174137088,0.07594322872799328,0.1222375216438288,0.12166500535486717,0.11784770268809909
min,0.34573096438522527,0.38948276786771285,0.5436656736603572,0.11459092723690387,0.07789721758337893,0.06347974754643051
25%,0.5230347003104371,0.6494126086610562,0.6494126086610562,0.2655498055458632,0.29723026362170424,0.32367705847428396
50%,0.5673867848945137,0.6860407174489552,0.6860407174489552,0.3770228442900001,0.4161121918614363,0.4296126376746858
75%,0.609572268503433,0.7202203021359082,0.7202203021359082,0.48479317175887454,0.5035258157094636,0.5138679362424896
max,0.7438930918770446,0.9453134308588177,0.9453134308588177,0.5808295282858202,0.5958965644724799,0.5998947930631917
kurt,0.5139416857768118,2.7441415630695496,2.0805518711849573,-1.1725889819398112,-0.8783756526767252,-0.2228397141956635
skew,-0.3455896043193128,0.7262497671848033,1.1295627226294545,-0.08591098395244319,-0.38679462745344384,-0.6277298433089975
