,Sharpe,Markowitz s.a ret 0.001,Markowitz s.a ret 0.01,Markowitz s.a. riesgo 0.20 ,Markowitz s.a. riesgo 0.25 ,Markowitz s.a. riesgo 0.30 
count,165.0,165.0,165.0,165.0,165.0,165.0
mean,0.5725441403241168,0.695633788663597,0.694543903234357,0.36303075088679243,0.4130023686612592,0.42256068210152953
std,0.06945855337697104,0.07426040190414472,0.07673513555985045,0.12472662940710993,0.11828251754058149,0.11210047422817722
min,0.39206166883781834,0.4174895597658009,0.4146858812307511,0.05317406801656277,0.05186255177079506,0.13334716262917268
25%,0.5300625360404406,0.6544105827129044,0.6544105827129044,0.25932101401093854,0.3167977956273391,0.34761299689361636
50%,0.5715531219629226,0.6834998617838987,0.6834998617838987,0.36223696957796,0.4366257208183511,0.43291423838792026
75%,0.6170171184942702,0.7264187597167588,0.7264187597167588,0.4836742972193984,0.5136536611463641,0.5172298731977873
max,0.7616138256699836,0.9502653986079443,0.9502653986079443,0.5989799458541721,0.5987327946680189,0.5980832597614126
kurt,0.20365529365378343,2.0136121683636734,2.204293680404743,-1.0832291062430666,-0.5573855677057944,-0.540938394892629
skew,0.08484465201250863,0.5721636374245717,0.3340776814664861,-0.03999425353121353,-0.5976821372177099,-0.5128307056694018
