,Sharpe,Markowitz s.a ret 0.001,Markowitz s.a ret 0.01,Markowitz s.a. riesgo 0.20 ,Markowitz s.a. riesgo 0.25 ,Markowitz s.a. riesgo 0.30 
count,165.0,165.0,165.0,165.0,165.0,165.0
mean,0.5722981940671179,0.6921859430387775,0.6937465146013796,0.3835653671203437,0.40270263871389034,0.416107860759612
std,0.06844325098441138,0.08075809153970383,0.07902329896007132,0.1306091631858509,0.12562402669791561,0.1248844377807633
min,0.3636987084776358,0.47271321995632065,0.49387445660744195,0.10774211145471355,0.0956446857262876,0.040744904507255666
25%,0.5299239011797705,0.6465051458876286,0.6471279827869449,0.278349056478032,0.3154297783888557,0.3235076147165176
50%,0.5781523893737588,0.6837706977382426,0.6840530469985617,0.3845057419880751,0.4049043991628025,0.4314373657314071
75%,0.6176398726223774,0.7220222713623576,0.7258006251750747,0.5104170453332023,0.5113123722911552,0.5279673669854805
max,0.7622247868664368,0.9451541301499218,0.9451541301499218,0.633171993112327,0.6239651825217403,0.6046495203000338
kurt,0.4326036782185665,1.5370081482780948,1.5289232380166897,-1.2200180964282623,-0.6853937861881927,-0.6207463455053261
skew,-0.0883163484778114,0.6366760862974896,0.7466820057126814,-0.17514289075682082,-0.40962319854419227,-0.4809903557997246
