,Sharpe,Markowitz s.a ret 0.001,Markowitz s.a ret 0.01,Markowitz s.a. riesgo 0.20 ,Markowitz s.a. riesgo 0.25 ,Markowitz s.a. riesgo 0.30 
count,165.0,165.0,165.0,165.0,165.0,165.0
mean,0.5619875625872134,0.6928370926970026,0.6927124109951402,0.3806297634201828,0.39200149419389696,0.4160286039066979
std,0.0766955699488101,0.07788240726833082,0.0778965422468135,0.12154001928296809,0.11965707066087689,0.1229939104916589
min,0.33353788715597227,0.5035307207509562,0.5045734168662471,0.07065587138024944,0.07809381804181541,0.030117460238566606
25%,0.5212456965149833,0.6463338048670654,0.6463338048670654,0.2865510820910127,0.2868604639773258,0.3251796699581388
50%,0.5696545250966717,0.681866024916676,0.681866024916676,0.40085401902005197,0.402822020927194,0.4358134132935858
75%,0.6158987161888004,0.7286227163010611,0.7286227163010611,0.4821107652353896,0.49969510248869975,0.5201737911878421
max,0.7680821074877701,0.9839857432047906,0.9839857432047906,0.6011454014138238,0.6026815949972716,0.590606883487838
kurt,0.30300683202340073,1.92760492039619,1.9239104847490953,-1.0248777915516807,-0.9504420991717417,0.05971324779028331
skew,-0.4299080177935348,0.7628569234551498,0.7673387019086322,-0.24320511602934683,-0.20703590240767583,-0.7574027305046173
