,Sharpe,Markowitz s.a ret 0.001,Markowitz s.a ret 0.01,Markowitz s.a. riesgo 0.20 ,Markowitz s.a. riesgo 0.25 ,Markowitz s.a. riesgo 0.30 
count,130.0,130.0,130.0,130.0,130.0,130.0
mean,0.5878727300642659,0.7489561998157144,0.7497238248822207,0.3293811767349148,0.37049947390829924,0.3816233763898452
std,0.08363052724290329,0.07675266097466395,0.07708129884740349,0.13054951057300507,0.1342424884012668,0.13306280150224312
min,0.3284743304279466,0.5647033280852573,0.5628709617778891,0.08442586599149696,0.03681621055831946,0.060534597152355436
25%,0.5441732541084019,0.6993281561984334,0.6993281561984334,0.22692336569169272,0.2681226924555361,0.2729991315517106
50%,0.6052071015280505,0.737164790532209,0.7421840997982555,0.29839783919524,0.39983529035445464,0.39338661744711023
75%,0.6426786116045462,0.7898326848631364,0.7904461644944107,0.4570241228368499,0.47190652798590105,0.49831458511108195
max,0.7564105386952864,0.9612484056186664,0.9612484056186664,0.5637331880642446,0.5983975767551156,0.6088849652448802
kurt,0.3813263737505057,0.40007458014712194,0.34619492912923544,-1.1410223653821965,-0.7162183673850526,-0.8313937417668953
skew,-0.7344733406838472,0.40835128912750457,0.3754160013535719,0.2709277738993908,-0.4280689524978225,-0.35620823793594186
