,Sharpe,Markowitz s.a ret 0.001,Markowitz s.a ret 0.01,Markowitz s.a. riesgo 0.20 ,Markowitz s.a. riesgo 0.25 ,Markowitz s.a. riesgo 0.30 
count,130.0,130.0,130.0,130.0,130.0,130.0
mean,0.5968868891837223,0.7530053344970083,0.7528304887993607,0.35023009120105036,0.36814797101134666,0.3721108988195398
std,0.07531028170775815,0.07880049741827842,0.07912310130528641,0.12851782876806706,0.13239003529996574,0.12855858502808967
min,0.35848398952120425,0.5269736424405844,0.5261624136417219,0.1014220098359047,0.10223374736166187,0.07831025016285102
25%,0.5515724746372883,0.6988273371796258,0.6988273371796258,0.23708547967961408,0.2580796967769962,0.2752073720940371
50%,0.607527203735553,0.7495000854616611,0.7495000854616611,0.3409719594573634,0.35999321054189537,0.3830957007517478
75%,0.651902914575871,0.7963869732025206,0.7963869732025206,0.4647542831244353,0.48314083090824056,0.47987121210769124
max,0.8167709349238991,0.9829052077891137,0.9829052077891137,0.5824625540890845,0.5930064582591679,0.6061478208314619
kurt,0.37414077106738564,0.37303357414599025,0.3787842396337475,-1.3338926930207178,-1.189031798354754,-0.9440214631545336
skew,-0.24444984048495857,0.27520857974625984,0.25620280561620684,0.002355630326647564,-0.11541367228620285,-0.21140395967927314
