,Sharpe,Markowitz s.a ret 0.001,Markowitz s.a ret 0.01,Markowitz s.a. riesgo 0.20 ,Markowitz s.a. riesgo 0.25 ,Markowitz s.a. riesgo 0.30 
count,130.0,130.0,130.0,130.0,130.0,130.0
mean,0.6012281606414831,0.7490851183201701,0.7501695426622362,0.3507682739473554,0.38203519440180095,0.37741406416479967
std,0.07797845138036022,0.09122283959675657,0.0883815019867832,0.13276789367519726,0.1316301383431805,0.13560680086564225
min,0.33380889450475826,0.45814636285096794,0.5234995559631402,0.08947339917103918,0.07788725199244444,0.07208317331692922
25%,0.563620070488285,0.6989327993628849,0.6989327993628849,0.22868719799169265,0.2704525335974948,0.2707480738271979
50%,0.6087805085240672,0.7319454116964796,0.7319454116964796,0.3421493918009424,0.4026852832271747,0.4025083322070424
75%,0.6557982472352528,0.8055832234040049,0.8055832234040049,0.4715510113028468,0.4903882336686834,0.4984185496934552
max,0.7814162188703193,1.0,1.0,0.5821040418658934,0.5732767157430891,0.5715304394313897
kurt,0.7732565604862951,0.8158439374885953,0.3598093556382995,-1.2034178582206054,-0.963134121969933,-0.9798323905248871
skew,-0.6089188249974523,0.27756812078625887,0.5286207459157709,0.06470683496094815,-0.39596627005447654,-0.3919447767437903
