,Sharpe,Markowitz s.a ret 0.001,Markowitz s.a ret 0.01,Markowitz s.a. riesgo 0.20 ,Markowitz s.a. riesgo 0.25 ,Markowitz s.a. riesgo 0.30 
count,132.0,132.0,132.0,132.0,132.0,132.0
mean,0.5900484805364078,0.7301011342058582,0.732469806278291,0.36014628372318835,0.39867289387586363,0.38496450783059977
std,0.08118572915490359,0.08163920260365903,0.0774473759182641,0.1308647823794225,0.11280571522707875,0.12902250678014338
min,0.36704155766803387,0.5160007668168722,0.5375300361406193,0.11066170115335226,0.10560889085328844,0.04685330598703282
25%,0.5414416081701339,0.6759270766234575,0.6784047810663276,0.23767077222847943,0.3254376953324787,0.282141153660104
50%,0.5910868003012777,0.7280697178060531,0.7281215342107084,0.36848592713355754,0.41613780792039307,0.4011628960612643
75%,0.6403799019949897,0.7853436931241892,0.7853436931241892,0.4789121129671276,0.49846257834281266,0.49470396241467224
max,0.8557405034828439,0.9206950832371938,0.9206950832371938,0.5830564062679933,0.5819864881835577,0.5934030052356793
kurt,0.9350176765137275,0.3133531419147859,0.1611312437019472,-1.28375452763661,-0.729153855085777,-0.5059645146537517
skew,0.06391466763502232,-0.177781644333925,0.022545927302067885,-0.15016508363735773,-0.4430466204610912,-0.4848998258434096
