,Sharpe,Markowitz s.a ret 0.001,Markowitz s.a ret 0.01,Markowitz s.a. riesgo 0.20 ,Markowitz s.a. riesgo 0.25 ,Markowitz s.a. riesgo 0.30 
count,132.0,132.0,132.0,132.0,132.0,132.0
mean,0.59928540691012,0.74973873026169,0.7495219593305896,0.35855903465396566,0.3760242835116875,0.3871989196214672
std,0.08210184403859114,0.08609991902191817,0.08637287125436342,0.12162330357814344,0.1333448205544642,0.1324062815447915
min,0.35268811424932556,0.5570760093036939,0.5570760093036939,0.07585849446322221,0.11391736774682248,0.05840508106109977
25%,0.5646959869513946,0.6946327876908879,0.6946327876908879,0.2593144606089355,0.27883008870984477,0.2883806795063878
50%,0.6007966877035924,0.7349534830254951,0.7349534830254951,0.35962107948893735,0.3840798679172951,0.3971494274719194
75%,0.656915061956661,0.7952753704499858,0.7952753704499858,0.471018925863603,0.49218407934616293,0.5082596596997634
max,0.7817751239301418,1.0,1.0,0.5518578647930384,0.5955097811725191,0.5921470548167161
kurt,0.27275922039726197,0.7820529097701026,0.7784329575677207,-1.0110861990026123,-1.0294422442556561,-0.7013026094458246
skew,-0.3825558456565872,0.6749895703235875,0.6595028939771914,-0.20303411015939063,-0.26453571111330804,-0.4800812779169128
