,Sharpe,Markowitz s.a ret 0.001,Markowitz s.a ret 0.01,Markowitz s.a. riesgo 0.20 ,Markowitz s.a. riesgo 0.25 ,Markowitz s.a. riesgo 0.30 
count,132.0,132.0,132.0,132.0,132.0,132.0
mean,0.5998895335752826,0.7445571675352222,0.7467559538835729,0.3722278007321863,0.36600712381261047,0.37436198513668084
std,0.0756333215170699,0.09509165586665248,0.0867006779381803,0.12598158762520192,0.13783819558741767,0.13692110807242827
min,0.4232310806749948,0.4054777615531814,0.5577032384039223,0.09117177906314772,0.06264535005504973,0.047089977959178006
25%,0.5615903367861932,0.6930026115878385,0.6930026115878385,0.2601898202556231,0.2593021861164669,0.2764813019912271
50%,0.6079165967348519,0.7338470644574041,0.7330994076498878,0.3854443371710424,0.36072565779419274,0.38173861250240504
75%,0.6468276070436585,0.7922488308037419,0.790829627585551,0.48324470646396317,0.4958324957589179,0.5020502104899246
max,0.7557593047694665,0.9969469488407581,0.9969469488407581,0.5686864552551892,0.5796723679707421,0.5986305298732725
kurt,-0.05464230278674753,1.3982994137258369,0.654379345568799,-1.114215490175975,-1.160183422711954,-0.8702461385540157
skew,-0.48485398362877413,0.019771096333470642,0.5983369171119565,-0.26771091735708585,-0.12925373131879828,-0.2953526794054689
