,Sharpe,Markowitz s.a ret 0.001,Markowitz s.a ret 0.01,Markowitz s.a. riesgo 0.20 ,Markowitz s.a. riesgo 0.25 ,Markowitz s.a. riesgo 0.30 
count,122.0,122.0,122.0,122.0,122.0,122.0
mean,0.5732779883043879,0.7033704475879802,0.7032302667525898,0.3953442691839753,0.39909694827608766,0.40949361367150133
std,0.07188328688639754,0.07091369650060458,0.07114767940132324,0.11308476971019382,0.11751528909345377,0.10696237949064626
min,0.37621959759825757,0.5473370449792343,0.5357193029173334,0.155480955714643,0.12957308802894754,0.16956277037621445
25%,0.5262011600834094,0.65950484225372,0.65950484225372,0.31249172304251477,0.3106495413107358,0.33471804933226185
50%,0.5791182455003698,0.6997992113472938,0.6997992113472938,0.4019918920708566,0.40377583208992285,0.41076383577937287
75%,0.6235263600158056,0.740408235278957,0.740408235278957,0.4882227947700943,0.5011714361153733,0.5045318888925625
max,0.7146738821919495,0.9858575822251809,0.9858575822251809,0.6037567332013658,0.5977250848729416,0.5791039771222725
kurt,-0.14153712588869594,1.5961660542099825,1.6060319239439398,-0.8995584797741634,-0.8300287014674739,-0.83729934839493
skew,-0.48496798169654326,0.685449198312231,0.6635324995519419,-0.261584819334743,-0.3085215692962556,-0.29132887169381744
