,Sharpe,Markowitz s.a ret 0.001,Markowitz s.a ret 0.01,Markowitz s.a. riesgo 0.20 ,Markowitz s.a. riesgo 0.25 ,Markowitz s.a. riesgo 0.30 
count,122.0,122.0,122.0,122.0,122.0,122.0
mean,0.5689730024984898,0.7058949356988269,0.7082481419657828,0.3874475598187361,0.3957502757034214,0.4010358037108357
std,0.07416740315899602,0.08201897079313443,0.07861473879593006,0.11646280996560493,0.12020409305196729,0.12479589814163583
min,0.3223038002383522,0.4499100459114153,0.5124828637626592,0.12883061145484745,0.13231811648659145,0.07140158621031702
25%,0.529259811851811,0.6603391736477245,0.6603827888926432,0.29378795378954636,0.30731924749365186,0.3033725445890478
50%,0.5841089547333778,0.6985349089806818,0.6987790525499988,0.3953167952013114,0.4113916559917843,0.4272036861019353
75%,0.6160913032718919,0.7487098304525721,0.7487098304525721,0.48843112195180155,0.4970815753760493,0.5059545863052134
max,0.7477849329169739,0.9448069272921674,0.9448069272921674,0.5851145281935028,0.6041403747494077,0.5927901515442806
kurt,0.43006041919808613,1.208476049778624,0.9249360400185465,-1.0246048956636398,-0.7492367772046618,-0.1322434863002373
skew,-0.5384585164536165,0.4078456435311973,0.6658345245588617,-0.28580903074601577,-0.37967606986058544,-0.6954596570215796
