,Sharpe,Markowitz s.a ret 0.001,Markowitz s.a ret 0.01,Markowitz s.a. riesgo 0.20 ,Markowitz s.a. riesgo 0.25 ,Markowitz s.a. riesgo 0.30 
count,122.0,122.0,122.0,122.0,122.0,122.0
mean,0.5827470617139366,0.7086136421154413,0.7085033221860677,0.3926256318412586,0.39806831198811976,0.41289494902801943
std,0.07027912175302853,0.08387127205341155,0.0840790324507035,0.12302115845530247,0.12463638963243118,0.12071347257304733
min,0.4084681450283432,0.48699456858824736,0.4810214593944461,0.09912202417556591,0.12441067987232428,0.06306625208225435
25%,0.5453609328674771,0.6637722915175229,0.6637722915175229,0.28331931689986145,0.29635535792960194,0.3211173878573429
50%,0.5809711744077716,0.7002351928667115,0.7002351928667115,0.40359547264699713,0.3983541584115988,0.4363123197859279
75%,0.6189034095008652,0.7512559321442142,0.7512559321442142,0.503714978222101,0.5073071057074678,0.5079443778198212
max,0.8041407967137119,0.956046802492294,0.9560081028431442,0.582240260197228,0.5991607986994737,0.6001939966977826
kurt,1.0145490571058913,0.8630588908371823,0.8788415127433615,-0.9316201761915517,-1.1054109327550594,-0.35271167280402027
skew,0.1229929991956433,0.3808905161847285,0.36573157726845296,-0.3902749409149837,-0.24352311854023392,-0.6173262218466419
