,Sharpe,Markowitz s.a ret 0.001,Markowitz s.a ret 0.01,Markowitz s.a. riesgo 0.20 ,Markowitz s.a. riesgo 0.25 ,Markowitz s.a. riesgo 0.30 
count,140.0,140.0,140.0,140.0,140.0,140.0
mean,0.5729965437374442,0.7137214372542168,0.7131516040146468,0.3838676434645155,0.4279814054478401,0.39538616251962516
std,0.06502975040131381,0.07126610041123749,0.07170722923683497,0.12795129794440413,0.11694858728359223,0.11488147696043238
min,0.3658670654217708,0.506409445858706,0.504242003217668,0.03715938463639407,0.12471825246122312,0.12443055391717267
25%,0.5385052749936263,0.6755225095712473,0.6739467014497269,0.2884017047856798,0.33437753336190623,0.31456250066633035
50%,0.5830469714696449,0.7037372373610696,0.7031585678309062,0.38101723219033695,0.4637892881621467,0.3852961275106084
75%,0.6161238957549199,0.7399837660643506,0.7399837660643506,0.5032095017791397,0.5247890733448146,0.5001058224884475
max,0.7183445467677072,0.9828146076009342,0.9828146076009342,0.6019031680823989,0.5912076836783169,0.6054105562203657
kurt,0.906086651945349,2.5590755832145193,2.496763840854811,-0.674819294524895,-0.5933432708607138,-0.8502099550176796
skew,-0.8249796751107511,0.9756403035172713,0.9612825895112599,-0.2661719788595914,-0.6313544252069851,-0.0939255984524241
