,Sharpe,Markowitz s.a ret 0.001,Markowitz s.a ret 0.01,Markowitz s.a. riesgo 0.20 ,Markowitz s.a. riesgo 0.25 ,Markowitz s.a. riesgo 0.30 
count,140.0,140.0,140.0,140.0,140.0,140.0
mean,0.5839880346472905,0.7152588494061984,0.7182201449081562,0.4016193741785834,0.3939925004933055,0.3972018627768614
std,0.06672724752051087,0.07461357566940764,0.07263503346883902,0.12094979445789253,0.12323873702267728,0.12243798665025682
min,0.3923935857443695,0.5031592766395034,0.5349666971797818,0.14864524468928564,0.133053099702622,0.06676250574877544
25%,0.5481027890340232,0.6689601518162533,0.6694027967206102,0.31125545186612696,0.2908689443489755,0.30094555319458993
50%,0.588151087647622,0.7054724563304686,0.7081988645278581,0.40412184787609007,0.40450637139367984,0.39972620858784946
75%,0.6291297324420886,0.7568754087356216,0.7610052207024172,0.5150869327748095,0.5019195896931383,0.503636181864231
max,0.7524578495884537,0.9761459791291505,0.9761459791291505,0.6120114038808511,0.6053329860443941,0.5786841699044896
kurt,0.27998407518256574,1.475884223219004,1.2779397484498514,-0.945118796237947,-1.006641998714593,-0.5232149307597269
skew,-0.4114105721790003,0.6305537282925319,0.7800667251064101,-0.37186551364248965,-0.2103578877188478,-0.45945784929252764
