,Sharpe,Markowitz s.a ret 0.001,Markowitz s.a ret 0.01,Markowitz s.a. riesgo 0.20 ,Markowitz s.a. riesgo 0.25 ,Markowitz s.a. riesgo 0.30 
count,140.0,140.0,140.0,140.0,140.0,140.0
mean,0.572629661587221,0.7116021702718907,0.7083471662641372,0.38420100184948874,0.42111804386851537,0.4086973539970407
std,0.07792083535340662,0.07957800421713193,0.08331487674428739,0.12595673955071338,0.11028366923243023,0.11838698474791508
min,0.38452504647346397,0.5067755379862167,0.3759164682912537,0.0936620167129798,0.06447003991900084,0.07368550455537107
25%,0.5289650672013921,0.6637411068138978,0.6633950643081168,0.2801528675866873,0.34649642311372114,0.31692142193307005
50%,0.573953992600557,0.6928151312743732,0.6925755867282718,0.3785724472472313,0.4431753583338832,0.4039598994514322
75%,0.6149919217393294,0.7475549683009539,0.7455329856710817,0.5053837276673847,0.5089464709990374,0.5172229786134176
max,0.7910649842938661,0.9873701404846819,0.9873701404846819,0.5915342833646255,0.5813288223922152,0.6147006450337511
kurt,0.5327779090003881,1.2025454926538464,2.3858849262795694,-1.0055477001977868,0.18162956954081722,-0.8080979660737455
skew,0.03242627374849892,0.779895785086001,0.3075284424789795,-0.18818940172338797,-0.729885945483352,-0.3193967388713929
