,Sharpe,Markowitz s.a ret 0.001,Markowitz s.a ret 0.01,Markowitz s.a. riesgo 0.20 ,Markowitz s.a. riesgo 0.25 ,Markowitz s.a. riesgo 0.30 
count,144.0,144.0,144.0,144.0,144.0,144.0
mean,0.5354736881931493,0.6430040956899694,0.6435868557036822,0.3707365658761378,0.42771292792144955,0.4614949323757
std,0.05233484080452589,0.04714755225192647,0.04645676327343726,0.11143521891112967,0.11094866225968991,0.09305614208406728
min,0.35577019826521444,0.41061530859092243,0.4120192819103643,0.1706128951098664,0.17350361620311935,0.1140747411686553
25%,0.5100330502819773,0.6268537131671793,0.6268537131671793,0.2770324399781331,0.33567424789908473,0.3902438581654833
50%,0.544493262588287,0.6477436590239911,0.6484631813678117,0.36209468870180617,0.44357512938962423,0.48117020819121387
75%,0.5659195163389145,0.6670984254105756,0.6670984254105756,0.47071620105601486,0.5231040363655078,0.5375024223406579
max,0.6483572357876639,0.834567845959274,0.834567845959274,0.597096331168242,0.6064421333263633,0.5967795420561599
kurt,0.6215535671795989,6.131818791698598,6.502512375729876,-1.156201483388554,-0.8983751867557932,0.42403464064259655
skew,-0.7443165912077626,-0.9514553584441179,-0.9569399412242139,0.0936669459757856,-0.3921199800633968,-0.7648419005461521
