,Sharpe,Markowitz s.a ret 0.001,Markowitz s.a ret 0.01,Markowitz s.a. riesgo 0.20 ,Markowitz s.a. riesgo 0.25 ,Markowitz s.a. riesgo 0.30 
count,144.0,144.0,144.0,144.0,144.0,144.0
mean,0.5359445252211462,0.6461246893458672,0.6459095281153092,0.39575880800921825,0.4256278121224534,0.44240723445605556
std,0.05197387549332188,0.0442418432200371,0.044832640210709734,0.11072870633548297,0.10071097145719064,0.09333871748114948
min,0.3227931735373224,0.482352116678366,0.48253074665155843,0.19179319549531199,0.18574597130499942,0.24518112025387503
25%,0.5021110054205774,0.6179993972792907,0.6182243023187903,0.3015718370594801,0.34530494563517566,0.35865837903069064
50%,0.540358622024157,0.6503023846946959,0.6503023846946959,0.40798988392988444,0.42515518605984437,0.45053591498126244
75%,0.5755860578100072,0.6763124291558263,0.6763124291558263,0.49010267053557577,0.5167979365274803,0.5292592979281889
max,0.6262109400718375,0.7307138818689285,0.7307138818689285,0.5770301558062675,0.6109410776754695,0.6165876035097829
kurt,1.232561543269223,1.0534791462625055,0.8158045684966724,-1.2144687422335967,-0.8230022478644421,-1.1449456522422252
skew,-0.884009910944779,-0.7335541994405568,-0.7409482733649607,-0.2139741864436599,-0.2501385943813189,-0.13580281542286657
