,Sharpe,Markowitz s.a ret 0.001,Markowitz s.a ret 0.01,Markowitz s.a. riesgo 0.20 ,Markowitz s.a. riesgo 0.25 ,Markowitz s.a. riesgo 0.30 
count,144.0,144.0,144.0,144.0,144.0,144.0
mean,0.5322191197545054,0.6395767936138306,0.6392430270607886,0.3830258517926033,0.42313875777876614,0.4697877033565379
std,0.0559879979772681,0.04526118316847563,0.04620500492676319,0.12354506029904957,0.10969575628590457,0.09224835703956506
min,0.36842062034109996,0.44753113704577213,0.4271213778453298,0.16349720467868317,0.17839041279727835,0.170838440477398
25%,0.4986728111851289,0.6153254193484546,0.6153254193484546,0.2777514661158444,0.33436941722553626,0.40276452428981235
50%,0.5398500363000507,0.6408890533257802,0.6408890533257802,0.4007852505304028,0.45261242428258974,0.4911932561959922
75%,0.573197441635176,0.6735062420494902,0.6735062420494902,0.49815398718631976,0.5100788420857455,0.5457984731169605
max,0.6340822848552821,0.7225847898482181,0.7225847898482181,0.5728814995676526,0.6081635148651692,0.6049653808954519
kurt,0.13778025576374553,3.1687014412099606,3.791558686787516,-1.3148696090879657,-1.0188224085618067,-0.3455172078796864
skew,-0.669884956691571,-1.2973229085401627,-1.4116362196555956,-0.1810675688542476,-0.41706707127331416,-0.6748335271074192
